step,loss_plus,loss_minus,train_loss,d_h,d_h_finite,update_norm,seconds,scale_refreshed,eval_loss,eval_acc,nan_flag
1,1.68359375,1.7939453125,1.73876953125,-110.3515625,True,2.2288440160291603,2.688491106033325,True,,,False
2,1.796875,1.765625,1.78125,31.25,True,0.6311545557996727,0.38686347007751465,True,,,False
3,1.921875,1.814453125,1.8681640625,107.421875,True,2.169587239025373,0.38599109649658203,True,,,False
4,1.7568359375,1.8046875,1.78076171875,-47.8515625,True,0.966501772444953,0.40415525436401367,True,,,False
5,1.841796875,1.7451171875,1.79345703125,96.6796875,True,1.952782389492952,0.3871288299560547,True,,,False
6,1.794921875,1.783203125,1.7890625,11.71875,True,0.23667909031746379,0.38626933097839355,True,,,False
7,1.8505859375,1.7578125,1.80419921875,92.7734375,True,1.8737454602433148,0.39040470123291016,True,,,False
8,1.8564453125,1.8828125,1.86962890625,-26.3671875,True,0.5325446687595701,0.3955264091491699,True,,,False
9,1.7998046875,1.76171875,1.78076171875,38.0859375,True,0.7692180517760674,0.4870915412902832,True,,,False
10,1.7744140625,1.7265625,1.75048828125,47.8515625,True,0.9664459269749117,0.4027669429779053,True,,,False
11,1.7939453125,1.875,1.83447265625,-81.0546875,True,1.6371385952478206,0.3884310722351074,True,,,False
12,1.84375,1.6796875,1.76171875,164.0625,True,3.313705985569726,0.38648200035095215,True,,,False
13,1.6455078125,1.6640625,1.65478515625,-18.5546875,True,0.3747855462633441,0.38741183280944824,True,,,False
14,1.8876953125,1.873046875,1.88037109375,14.6484375,True,0.295863839374292,0.4173142910003662,True,,,False
15,1.8017578125,1.873046875,1.83740234375,-71.2890625,True,1.439781371895757,0.39872097969055176,True,,,False
16,1.7548828125,1.857421875,1.80615234375,-102.5390625,True,2.071055918140025,0.39191174507141113,True,,,False
17,1.7841796875,1.6904296875,1.7373046875,93.75,True,1.8935167789371556,0.3948040008544922,True,,,False
18,1.734375,1.7822265625,1.75830078125,-47.8515625,True,0.9665475296320678,0.38674211502075195,True,,,False
19,1.6796875,1.9931640625,1.83642578125,-313.4765625,True,6.331668323289586,0.3852732181549072,True,,,False
20,1.7470703125,1.72265625,1.73486328125,24.4140625,True,0.4930916798780744,0.3919408321380615,True,,,False
21,1.796875,1.7685546875,1.78271484375,28.3203125,True,0.5719892025643559,0.39032888412475586,True,,,False
22,1.7119140625,1.83203125,1.77197265625,-120.1171875,True,2.4262092638990604,0.38872361183166504,True,,,False
23,1.7587890625,1.615234375,1.68701171875,143.5546875,True,2.8995335107689932,0.38643336296081543,True,,,False
24,1.7490234375,1.6708984375,1.7099609375,78.125,True,1.5779165660463281,0.39737558364868164,True,,,False
25,1.6484375,1.7294921875,1.68896484375,-81.0546875,True,1.6371012823937592,0.3857686519622803,True,,,False
26,1.70703125,1.6416015625,1.67431640625,65.4296875,True,1.3215067720762255,0.39223194122314453,True,,,False
27,1.7607421875,1.7138671875,1.7373046875,46.875,True,0.9467948777698609,0.39005064964294434,True,,,False
28,1.62109375,1.7744140625,1.69775390625,-153.3203125,True,3.0967476759453247,0.3866264820098877,True,,,False
29,1.6875,1.705078125,1.6962890625,-17.578125,True,0.35504260683868405,0.38696765899658203,True,,,False
30,1.7236328125,1.6328125,1.67822265625,90.8203125,True,1.8343865789585685,0.3900332450866699,True,,,False
31,1.8017578125,1.6435546875,1.72265625,158.203125,True,3.1953776288072304,0.38972926139831543,True,,,False
32,1.658203125,1.6796875,1.6689453125,-21.484375,True,0.4339435215192525,0.3844187259674072,True,,,False
33,1.5791015625,1.6943359375,1.63671875,-115.234375,True,2.3276120727929666,0.3846311569213867,True,,,False
34,1.6416015625,1.642578125,1.64208984375,-0.9765625,True,0.019722212430432953,0.39081645011901855,True,,,False
35,1.6240234375,1.61328125,1.61865234375,10.7421875,True,0.21696092600766795,0.3852043151855469,True,,,False
36,1.6796875,1.5947265625,1.63720703125,84.9609375,True,1.7160331466401648,0.38617897033691406,True,,,False
37,1.642578125,1.6533203125,1.64794921875,-10.7421875,True,0.21696148086883174,0.39920997619628906,True,,,False
38,1.697265625,1.64453125,1.6708984375,52.734375,True,1.0650725041421722,0.39078736305236816,True,,,False
39,1.640625,1.6484375,1.64453125,-7.8125,True,0.1577918436866147,0.38532257080078125,True,,,False
40,1.5830078125,1.591796875,1.58740234375,-8.7890625,True,0.1775153077193861,0.3902449607849121,True,,,False
41,1.74609375,1.666015625,1.7060546875,80.078125,True,1.61737420914738,0.38632988929748535,True,,,False
42,1.642578125,1.57421875,1.6083984375,68.359375,True,1.3807148082677323,0.3841128349304199,True,,,False
43,1.6591796875,1.640625,1.64990234375,18.5546875,True,0.3747593566869911,0.38826632499694824,True,,,False
44,1.6474609375,1.6240234375,1.6357421875,23.4375,True,0.47339197885875045,0.3907337188720703,True,,,False
45,1.6220703125,1.65234375,1.63720703125,-30.2734375,True,0.6114582404139336,0.3853483200073242,True,,,False
46,1.6337890625,1.6630859375,1.6484375,-29.296875,True,0.5917656749008021,0.3837759494781494,True,,,False
47,1.6435546875,1.6357421875,1.6396484375,7.8125,True,0.15779083604595798,0.3947930335998535,True,,,False
48,1.5810546875,1.6748046875,1.6279296875,-93.75,True,1.8935908517431395,0.38426804542541504,True,,,False
49,1.6220703125,1.60546875,1.61376953125,16.6015625,True,0.335298557050271,0.3863105773925781,True,,,False
50,1.56640625,1.6396484375,1.60302734375,-73.2421875,True,1.4793729041934562,0.3919663429260254,True,,,False
51,1.623046875,1.5810546875,1.60205078125,41.9921875,True,0.8481509735817122,0.3903625011444092,True,,,False
52,1.6201171875,1.6494140625,1.634765625,-29.296875,True,0.5917058444601442,0.3881824016571045,True,,,False
53,1.5576171875,1.6357421875,1.5966796875,-78.125,True,1.5779413138594671,0.3924434185028076,True,,,False
54,1.6904296875,1.654296875,1.67236328125,36.1328125,True,0.7298035738202442,0.39153409004211426,True,,,False
55,1.603515625,1.693359375,1.6484375,-89.84375,True,1.814622758575006,0.3862149715423584,True,,,False
56,1.6298828125,1.6318359375,1.630859375,-1.953125,True,0.039447086499689824,0.38332581520080566,True,,,False
57,1.576171875,1.599609375,1.587890625,-23.4375,True,0.4733626310464095,0.39269137382507324,True,,,False
58,1.5859375,1.6376953125,1.61181640625,-51.7578125,True,1.0454029711103345,0.3844578266143799,True,,,False
59,1.615234375,1.66015625,1.6376953125,-44.921875,True,0.907341999189948,0.38590478897094727,True,,,False
60,1.6171875,1.6328125,1.625,-15.625,True,0.31558341392265293,0.38437795639038086,True,,,False
61,1.6337890625,1.55859375,1.59619140625,75.1953125,True,1.518825902712244,0.3938906192779541,True,,,False
62,1.65234375,1.6240234375,1.63818359375,28.3203125,True,0.5720028801928302,0.38432955741882324,True,,,False
63,1.5556640625,1.654296875,1.60498046875,-98.6328125,True,1.9920842048871328,0.38680291175842285,True,,,False
64,1.5888671875,1.61328125,1.60107421875,-24.4140625,True,0.49311647658191715,0.3919844627380371,True,,,False
65,1.5703125,1.591796875,1.5810546875,-21.484375,True,0.4339422838684185,0.3869168758392334,True,,,False
66,1.6689453125,1.57421875,1.62158203125,94.7265625,True,1.9131888148559473,0.3841125965118408,True,,,False
67,1.61328125,1.57421875,1.59375,39.0625,True,0.7889224788331846,0.3951108455657959,True,,,False
68,1.6376953125,1.5869140625,1.6123046875,50.78125,True,1.025630262821111,0.3849763870239258,True,,,False
69,1.6748046875,1.5908203125,1.6328125,83.984375,True,1.6963038039608087,0.3837778568267822,True,,,False
70,1.615234375,1.5673828125,1.59130859375,47.8515625,True,0.9664500577280298,0.38675785064697266,True,,,False
71,1.5732421875,1.6083984375,1.5908203125,-35.15625,True,0.7100616283279504,0.3972334861755371,True,,,False
72,1.5947265625,1.625,1.60986328125,-30.2734375,True,0.6114356742901691,0.3840937614440918,True,,,False
73,1.638671875,1.5849609375,1.61181640625,53.7109375,True,1.084877456900304,0.3862285614013672,True,,,False
74,1.6201171875,1.6123046875,1.6162109375,7.8125,True,0.15778470111065446,0.3907279968261719,True,,,False
75,1.6015625,1.5126953125,1.55712890625,88.8671875,True,1.7949007399636618,0.38608455657958984,True,,,False
76,1.65625,1.6357421875,1.64599609375,20.5078125,True,0.4142035341359929,0.38667845726013184,True,,,False
77,1.6083984375,1.6083984375,1.6083984375,0.0,True,0.0,0.39176464080810547,True,,,False
78,1.630859375,1.61328125,1.6220703125,17.578125,True,0.35505389080847416,0.38481688499450684,True,,,False
79,1.6689453125,1.61328125,1.64111328125,55.6640625,True,1.1242848837717452,0.3856666088104248,True,,,False
80,1.6015625,1.60546875,1.603515625,-3.90625,True,0.07889816235650772,0.38421130180358887,True,,,False
81,1.6259765625,1.65625,1.64111328125,-30.2734375,True,0.6114713015156529,0.3912980556488037,True,,,False
82,1.6279296875,1.609375,1.61865234375,18.5546875,True,0.3747642075641415,0.38559579849243164,True,,,False
83,1.61328125,1.59765625,1.60546875,15.625,True,0.3155825301427442,0.38561558723449707,True,,,False
84,1.5537109375,1.580078125,1.56689453125,-26.3671875,True,0.5325552977527633,0.39978623390197754,True,,,False
85,1.560546875,1.6142578125,1.58740234375,-53.7109375,True,1.0848772410152974,0.38434457778930664,True,,,False
86,1.59375,1.658203125,1.6259765625,-64.453125,True,1.3018226835720317,0.38416576385498047,True,,,False
87,1.5869140625,1.5791015625,1.5830078125,7.8125,True,0.15779764141844901,0.3898792266845703,True,,,False
88,1.6025390625,1.5859375,1.59423828125,16.6015625,True,0.3352969447196689,0.3958160877227783,True,,,False
89,1.611328125,1.599609375,1.60546875,11.71875,True,0.23669308734317204,0.3861393928527832,True,,,False
90,1.626953125,1.5498046875,1.58837890625,77.1484375,True,1.558285365376044,0.3874053955078125,True,,,False
91,1.5791015625,1.572265625,1.57568359375,6.8359375,True,0.13806413018450014,0.39328527450561523,True,,,False
92,1.5341796875,1.55078125,1.54248046875,-16.6015625,True,0.3353052808487584,0.3858792781829834,True,,,False
93,1.6044921875,1.5732421875,1.5888671875,31.25,True,0.6311435330278573,0.38730549812316895,True,,,False
94,1.6337890625,1.6015625,1.61767578125,32.2265625,True,0.6509393966877626,0.4066433906555176,True,,,False
95,1.6396484375,1.61328125,1.62646484375,26.3671875,True,0.5325542945472348,0.49039196968078613,True,,,False
96,1.607421875,1.6005859375,1.60400390625,6.8359375,True,0.13806724624447667,0.3883540630340576,True,,,False
97,1.6162109375,1.6435546875,1.6298828125,-27.34375,True,0.5522327072459149,0.39348816871643066,True,,,False
98,1.5771484375,1.640625,1.60888671875,-63.4765625,True,1.2820413220155973,0.38555335998535156,True,,,False
99,1.5947265625,1.60546875,1.60009765625,-10.7421875,True,0.216969524960646,0.38976144790649414,True,,,False
100,1.5625,1.61328125,1.587890625,-50.78125,True,1.0256470962853355,0.38741064071655273,True,,,False
101,1.603515625,1.65234375,1.6279296875,-48.828125,True,0.9861989153841527,0.5563387870788574,True,,,False
102,1.6611328125,1.591796875,1.62646484375,69.3359375,True,1.4004103365149747,0.387737512588501,True,,,False
103,1.5693359375,1.5712890625,1.5703125,-1.953125,True,0.03944870001982466,0.3865821361541748,True,,,False
104,1.5830078125,1.5830078125,1.5830078125,0.0,True,0.0,0.3930649757385254,True,,,False
105,1.6025390625,1.60546875,1.60400390625,-2.9296875,True,0.05917235093796608,0.3915882110595703,True,,,False
106,1.6318359375,1.6318359375,1.6318359375,0.0,True,0.0,0.3952462673187256,True,,,False
107,1.5791015625,1.669921875,1.62451171875,-90.8203125,True,1.8344184595994908,0.3953227996826172,True,,,False
108,1.5966796875,1.6162109375,1.6064453125,-19.53125,True,0.3944809238348227,0.38459110260009766,True,,,False
109,1.5791015625,1.5849609375,1.58203125,-5.859375,True,0.1183445929013125,0.3859536647796631,True,,,False
110,1.603515625,1.607421875,1.60546875,-3.90625,True,0.07889445065329823,0.3932991027832031,True,,,False
111,1.5029296875,1.5537109375,1.5283203125,-50.78125,True,1.0256659281005056,0.3844454288482666,True,,,False
112,1.5615234375,1.55859375,1.56005859375,2.9296875,True,0.05917153160355917,0.3858630657196045,True,,,False
113,1.62109375,1.591796875,1.6064453125,29.296875,True,0.5917324156189753,0.3867049217224121,True,,,False
114,1.5888671875,1.58984375,1.58935546875,-0.9765625,True,0.019724497660156794,0.3936593532562256,True,,,False
115,1.607421875,1.5615234375,1.58447265625,45.8984375,True,0.9269960632149693,0.3850986957550049,True,,,False
116,1.595703125,1.61328125,1.6044921875,-17.578125,True,0.35502406341989645,0.3869960308074951,True,,,False
117,1.55078125,1.6025390625,1.57666015625,-51.7578125,True,1.0454130770018797,0.40056777000427246,True,,,False
118,1.599609375,1.6025390625,1.60107421875,-2.9296875,True,0.059172076109087327,0.38634657859802246,True,,,False
119,1.5859375,1.580078125,1.5830078125,5.859375,True,0.11834964003344296,0.38585567474365234,True,,,False
120,1.6455078125,1.6103515625,1.6279296875,35.15625,True,0.7101042706373368,0.3986847400665283,True,,,False
121,1.6474609375,1.658203125,1.65283203125,-10.7421875,True,0.2169507995744362,0.3728163242340088,True,,,False
122,1.603515625,1.630859375,1.6171875,-27.34375,True,0.5522824293837497,0.38793444633483887,True,,,False
123,1.5869140625,1.5947265625,1.5908203125,-7.8125,True,0.157798997555021,0.3859834671020508,True,,,False
124,1.58984375,1.552734375,1.5712890625,37.109375,True,0.7495106957400195,0.39328551292419434,True,,,False
125,1.5908203125,1.6201171875,1.60546875,-29.296875,True,0.5917025720552357,0.3839404582977295,True,,,False
126,1.5966796875,1.619140625,1.60791015625,-22.4609375,True,0.4536323485730593,0.3885993957519531,True,,,False
127,1.615234375,1.60546875,1.6103515625,9.765625,True,0.19724528033817382,0.39298248291015625,True,,,False
128,1.5927734375,1.576171875,1.58447265625,16.6015625,True,0.3353117979836235,0.38681578636169434,True,,,False
129,1.62109375,1.619140625,1.6201171875,1.953125,True,0.039447112069936036,0.411266565322876,True,,,False
130,1.5859375,1.564453125,1.5751953125,21.484375,True,0.43395160905780705,0.4082787036895752,True,,,False
131,1.587890625,1.568359375,1.578125,19.53125,True,0.3944965281015313,0.38520169258117676,True,,,False
132,1.6162109375,1.583984375,1.60009765625,32.2265625,True,0.6508872024714389,0.39321327209472656,True,,,False
133,1.5654296875,1.60546875,1.58544921875,-40.0390625,True,0.8087004407287901,0.3860173225402832,True,,,False
134,1.6044921875,1.623046875,1.61376953125,-18.5546875,True,0.3747507441035089,0.39978694915771484,True,,,False
135,1.5751953125,1.615234375,1.59521484375,-40.0390625,True,0.8086484058868131,0.3878018856048584,True,,,False
136,1.5859375,1.5498046875,1.56787109375,36.1328125,True,0.7297672299966415,0.39163827896118164,True,,,False
137,1.603515625,1.623046875,1.61328125,-19.53125,True,0.3944882621558223,0.4013025760650635,True,,,False
138,1.5419921875,1.615234375,1.57861328125,-73.2421875,True,1.479227170382375,0.38706469535827637,True,,,False
139,1.5654296875,1.5986328125,1.58203125,-33.203125,True,0.6706088665185324,0.3864140510559082,True,,,False
140,1.5712890625,1.5810546875,1.576171875,-9.765625,True,0.19722680296180467,0.3967411518096924,True,,,False
141,1.701171875,1.5126953125,1.60693359375,188.4765625,True,3.806874699401491,0.3871462345123291,True,,,False
142,1.5810546875,1.5791015625,1.580078125,1.953125,True,0.039446898605206254,0.38629651069641113,True,,,False
143,1.609375,1.6181640625,1.61376953125,-8.7890625,True,0.17753866703557478,0.38760900497436523,True,,,False
144,1.587890625,1.615234375,1.6015625,-27.34375,True,0.5522584951476779,0.39324116706848145,True,,,False
145,1.6103515625,1.6259765625,1.6181640625,-15.625,True,0.31556821575702165,0.38844919204711914,True,,,False
146,1.638671875,1.619140625,1.62890625,19.53125,True,0.39447356532950095,0.3869171142578125,True,,,False
147,1.5869140625,1.6005859375,1.59375,-13.671875,True,0.2761238735400315,0.39154553413391113,True,,,False
148,1.552734375,1.5703125,1.5615234375,-17.578125,True,0.35504926520803404,0.3865995407104492,True,,,False
149,1.5654296875,1.564453125,1.56494140625,0.9765625,True,0.019724160065043607,0.3881950378417969,True,,,False
150,1.5771484375,1.5771484375,1.5771484375,0.0,True,0.0,0.39945387840270996,True,,,False
151,1.6416015625,1.640625,1.64111328125,0.9765625,True,0.019722900975450566,0.3892250061035156,True,,,False
152,1.6171875,1.564453125,1.5908203125,52.734375,True,1.0650737856391344,0.38874244689941406,True,,,False
153,1.6162109375,1.609375,1.61279296875,6.8359375,True,0.13807307435788815,0.3882896900177002,True,,,False
154,1.61328125,1.578125,1.595703125,35.15625,True,0.710061232527173,0.39774417877197266,True,,,False
155,1.5576171875,1.548828125,1.55322265625,8.7890625,True,0.1775032916361164,0.3863236904144287,True,,,False
156,1.578125,1.6396484375,1.60888671875,-61.5234375,True,1.242640355196776,0.38517260551452637,True,,,False
157,1.6103515625,1.5830078125,1.5966796875,27.34375,True,0.5522932729917241,0.3930630683898926,True,,,False
158,1.5947265625,1.6015625,1.59814453125,-6.8359375,True,0.1380711955777244,0.38866567611694336,True,,,False
159,1.57421875,1.5654296875,1.56982421875,8.7890625,True,0.17752033701071124,0.3874990940093994,True,,,False
160,1.625,1.576171875,1.6005859375,48.828125,True,0.9861474987787274,0.39712071418762207,True,,,False
161,1.564453125,1.5849609375,1.57470703125,-20.5078125,True,0.4142276375468734,0.3863558769226074,True,,,False
162,1.5859375,1.5517578125,1.56884765625,34.1796875,True,0.6903283607810086,0.3914780616760254,True,,,False
163,1.6015625,1.62890625,1.615234375,-27.34375,True,0.5522535656990043,0.38818788528442383,True,,,False
164,1.5703125,1.5732421875,1.57177734375,-2.9296875,True,0.05917336754909506,0.3941216468811035,True,,,False
165,1.595703125,1.609375,1.6025390625,-13.671875,True,0.27613544276069213,0.39164209365844727,True,,,False
166,1.6103515625,1.5810546875,1.595703125,29.296875,True,0.591711068249812,0.3883981704711914,True,,,False
167,1.6044921875,1.61328125,1.60888671875,-8.7890625,True,0.17751590710611798,0.39311814308166504,True,,,False
168,1.5517578125,1.58203125,1.56689453125,-30.2734375,True,0.6114551801343809,0.38791894912719727,True,,,False
169,1.6396484375,1.587890625,1.61376953125,51.7578125,True,1.0453917820961378,0.3894689083099365,True,,,False
170,1.5498046875,1.564453125,1.55712890625,-14.6484375,True,0.2958486423343527,0.39129018783569336,True,,,False
171,1.5869140625,1.568359375,1.57763671875,18.5546875,True,0.374777801776545,0.38820648193359375,True,,,False
172,1.5869140625,1.591796875,1.58935546875,-4.8828125,True,0.09862240258023613,0.38579678535461426,True,,,False
173,1.5703125,1.6083984375,1.58935546875,-38.0859375,True,0.7692809724464403,0.38522958755493164,True,,,False
174,1.59765625,1.55859375,1.578125,39.0625,True,0.788956116862171,0.3929009437561035,True,,,False
175,1.5556640625,1.5732421875,1.564453125,-17.578125,True,0.35503442673711416,0.38544654846191406,True,,,False
176,1.51953125,1.5712890625,1.54541015625,-51.7578125,True,1.0454242624022305,0.3872098922729492,True,,,False
177,1.5380859375,1.6123046875,1.5751953125,-74.21875,True,1.4990221954374123,0.4046597480773926,True,,,False
178,1.5703125,1.60546875,1.587890625,-35.15625,True,0.7100547310592279,0.3915417194366455,True,,,False
179,1.5771484375,1.595703125,1.58642578125,-18.5546875,True,0.3747604221735388,0.38789987564086914,True,,,False
180,1.5625,1.5341796875,1.54833984375,28.3203125,True,0.5719766438943578,0.3883790969848633,True,,,False
181,1.58203125,1.587890625,1.5849609375,-5.859375,True,0.11834569553508756,0.3893418312072754,True,,,False
182,1.4951171875,1.529296875,1.51220703125,-34.1796875,True,0.6903182067943311,0.3846867084503174,True,,,False
183,1.59765625,1.6748046875,1.63623046875,-77.1484375,True,1.5581217582965945,0.47626161575317383,True,,,False
184,1.5986328125,1.587890625,1.59326171875,10.7421875,True,0.21696180530200174,0.4015030860900879,True,,,False
185,1.5556640625,1.5908203125,1.5732421875,-35.15625,True,0.7100444918481309,0.385986328125,True,,,False
186,1.5634765625,1.5859375,1.57470703125,-22.4609375,True,0.45366076704838526,0.3884284496307373,True,,,False
187,1.59765625,1.5908203125,1.59423828125,6.8359375,True,0.1380627746772378,0.39726781845092773,True,,,False
188,1.55078125,1.57421875,1.5625,-23.4375,True,0.4733791356076009,0.3874037265777588,True,,,False
189,1.5712890625,1.5966796875,1.583984375,-25.390625,True,0.5128596242342164,0.39443087577819824,True,,,False
190,1.59765625,1.591796875,1.5947265625,5.859375,True,0.11833972065927942,0.3964970111846924,True,,,False
191,1.599609375,1.6123046875,1.60595703125,-12.6953125,True,0.25640528904565074,0.39272379875183105,True,,,False
192,1.591796875,1.548828125,1.5703125,42.96875,True,0.8679079435959584,0.3856356143951416,True,,,False
193,1.5966796875,1.58984375,1.59326171875,6.8359375,True,0.13806754927729292,0.38614630699157715,True,,,False
194,1.5244140625,1.5419921875,1.533203125,-17.578125,True,0.3550231527868895,0.3914179801940918,True,,,False
195,1.580078125,1.572265625,1.576171875,7.8125,True,0.15780371369132196,0.3866755962371826,True,,,False
196,1.5322265625,1.6171875,1.57470703125,-84.9609375,True,1.7160112801882839,0.3884906768798828,True,,,False
197,1.509765625,1.564453125,1.537109375,-54.6875,True,1.1045507103320011,0.3864731788635254,True,,,False
198,1.681640625,1.6787109375,1.68017578125,2.9296875,True,0.059171526150795566,0.3871910572052002,True,,,False
199,1.6064453125,1.552734375,1.57958984375,53.7109375,True,1.0847970938195513,0.3894002437591553,True,,,False
200,1.5283203125,1.62109375,1.57470703125,-92.7734375,True,1.8739047953602073,0.3850538730621338,True,,,False
201,1.5908203125,1.5673828125,1.5791015625,23.4375,True,0.4733675888291634,0.5635325908660889,True,,,False
202,1.59375,1.548828125,1.5712890625,44.921875,True,0.90730906181337,0.38771557807922363,True,,,False
203,1.505859375,1.5,1.5029296875,5.859375,True,0.11834359895733355,0.3872082233428955,True,,,False
204,1.5751953125,1.5703125,1.57275390625,4.8828125,True,0.09862590550387502,0.39200472831726074,True,,,False
205,1.5947265625,1.5908203125,1.5927734375,3.90625,True,0.07889649893005647,0.39113855361938477,True,,,False
206,1.607421875,1.6162109375,1.61181640625,-8.7890625,True,0.17752184613147268,0.3842892646789551,True,,,False
207,1.576171875,1.64453125,1.6103515625,-68.359375,True,1.3806733235954567,0.40086913108825684,True,,,False
208,1.625,1.56640625,1.595703125,58.59375,True,1.183484455466495,0.38489723205566406,True,,,False
209,1.5859375,1.583984375,1.5849609375,1.953125,True,0.03944838336546367,0.3866875171661377,True,,,False
210,1.595703125,1.634765625,1.615234375,-39.0625,True,0.7889953635888934,0.3967165946960449,True,,,False
211,1.5888671875,1.580078125,1.58447265625,8.7890625,True,0.1775116221678506,0.39019346237182617,True,,,False
212,1.58984375,1.578125,1.583984375,11.71875,True,0.23668865457136443,0.3866713047027588,True,,,False
213,1.556640625,1.537109375,1.546875,19.53125,True,0.3944604796343278,0.38722968101501465,True,,,False
214,1.5693359375,1.5986328125,1.583984375,-29.296875,True,0.5916852879416445,0.3924384117126465,True,,,False
215,1.61328125,1.5595703125,1.58642578125,53.7109375,True,1.08478943989341,0.38768863677978516,True,,,False
216,1.5849609375,1.587890625,1.58642578125,-2.9296875,True,0.059171256610214204,0.3840658664703369,True,,,False
217,1.58203125,1.5654296875,1.57373046875,16.6015625,True,0.33527955073751814,0.3932616710662842,True,,,False
218,1.552734375,1.5517578125,1.55224609375,0.9765625,True,0.019722895116827916,0.3845665454864502,True,,,False
219,1.5703125,1.6005859375,1.58544921875,-30.2734375,True,0.6114502703382454,0.38533663749694824,True,,,False
220,1.568359375,1.5810546875,1.57470703125,-12.6953125,True,0.2564151097837735,0.3954763412475586,True,,,False
221,1.494140625,1.5166015625,1.50537109375,-22.4609375,True,0.45363576802017325,0.3878660202026367,True,,,False
222,1.5703125,1.5703125,1.5703125,0.0,True,0.0,0.3866078853607178,True,,,False
223,1.6064453125,1.587890625,1.59716796875,18.5546875,True,0.3747642729254929,0.38608837127685547,True,,,False
224,1.6318359375,1.517578125,1.57470703125,114.2578125,True,2.3077117063722006,0.3934321403503418,True,,,False
225,1.6162109375,1.556640625,1.58642578125,59.5703125,True,1.2031558976829335,0.38814640045166016,True,,,False
226,1.5859375,1.587890625,1.5869140625,-1.953125,True,0.0394498063145029,0.3861124515533447,True,,,False
227,1.669921875,1.5458984375,1.60791015625,124.0234375,True,2.504708196656465,0.4018242359161377,True,,,False
228,1.544921875,1.5146484375,1.52978515625,30.2734375,True,0.6114145421087054,0.3870053291320801,True,,,False
229,1.548828125,1.5859375,1.5673828125,-37.109375,True,0.7495507567440389,0.3861887454986572,True,,,False
230,1.5185546875,1.5361328125,1.52734375,-17.578125,True,0.35502095166280206,0.3953087329864502,True,,,False
231,1.6162109375,1.59765625,1.60693359375,18.5546875,True,0.37475761477868064,0.3871605396270752,True,,,False
232,1.580078125,1.5849609375,1.58251953125,-4.8828125,True,0.09862039908370152,0.38654637336730957,True,,,False
233,1.6015625,1.5927734375,1.59716796875,8.7890625,True,0.17751609522167971,0.3863799571990967,True,,,False
234,1.6171875,1.630859375,1.6240234375,-13.671875,True,0.2761414264160562,0.39371180534362793,True,,,False
235,1.5595703125,1.54296875,1.55126953125,16.6015625,True,0.3353160689707129,0.38667917251586914,True,,,False
236,1.5439453125,1.5576171875,1.55078125,-13.671875,True,0.2761430278651634,0.3859522342681885,True,,,False
237,1.5107421875,1.4970703125,1.50390625,13.671875,True,0.2761513527044823,0.40220189094543457,True,,,False
238,1.5654296875,1.59375,1.57958984375,-28.3203125,True,0.5719807224993942,0.38776206970214844,True,,,False
239,1.6181640625,1.5859375,1.60205078125,32.2265625,True,0.6509357899182289,0.3881492614746094,True,,,False
240,1.5419921875,1.53125,1.53662109375,10.7421875,True,0.21696909971334247,0.3883228302001953,True,,,False
241,1.576171875,1.5322265625,1.55419921875,43.9453125,True,0.8876072367538985,0.39394640922546387,True,,,False
242,1.6669921875,1.6875,1.67724609375,-20.5078125,True,0.4142080529537029,0.37094974517822266,True,,,False
243,1.484375,1.5595703125,1.52197265625,-75.1953125,True,1.5186341850127616,0.3866457939147949,True,,,False
244,1.53125,1.5234375,1.52734375,7.8125,True,0.15779626349363457,0.39251136779785156,True,,,False
245,1.6064453125,1.60546875,1.60595703125,0.9765625,True,0.0197248899457659,0.3861267566680908,True,,,False
246,1.6328125,1.58203125,1.607421875,50.78125,True,1.0256492413066223,0.3858304023742676,True,,,False
247,1.5927734375,1.5390625,1.56591796875,53.7109375,True,1.0848867128859923,0.3943486213684082,True,,,False
248,1.55859375,1.5634765625,1.56103515625,-4.8828125,True,0.09862488477564185,0.3935248851776123,True,,,False
249,1.5810546875,1.59375,1.58740234375,-12.6953125,True,0.25641856899084126,0.3853487968444824,True,,,False
250,1.517578125,1.5576171875,1.53759765625,-40.0390625,True,0.8086531777277013,0.3840806484222412,True,,,False
251,1.5576171875,1.57421875,1.56591796875,-16.6015625,True,0.33529301725648736,0.393507719039917,True,,,False
252,1.5830078125,1.587890625,1.58544921875,-4.8828125,True,0.09861954874503544,0.3845345973968506,True,,,False
253,1.58984375,1.6123046875,1.60107421875,-22.4609375,True,0.45365020091389974,0.3926265239715576,True,,,False
254,1.6015625,1.5751953125,1.58837890625,26.3671875,True,0.5325611264476562,0.39040660858154297,True,,,False
255,1.6142578125,1.6484375,1.63134765625,-34.1796875,True,0.6903442026796128,0.39051127433776855,True,,,False
256,1.595703125,1.580078125,1.587890625,15.625,True,0.3156156389284171,0.38609743118286133,True,,,False
257,1.5185546875,1.5419921875,1.5302734375,-23.4375,True,0.47339518846584516,0.3974485397338867,True,,,False
258,1.61328125,1.5810546875,1.59716796875,32.2265625,True,0.650903629550132,0.3878498077392578,True,,,False
259,1.5322265625,1.5947265625,1.5634765625,-62.5,True,1.2623649831713473,0.3862776756286621,True,,,False
260,1.61328125,1.626953125,1.6201171875,-13.671875,True,0.276144770620538,0.38790202140808105,True,,,False
261,1.57421875,1.5205078125,1.54736328125,53.7109375,True,1.0847503349179048,0.3914644718170166,True,,,False
262,1.56640625,1.5771484375,1.57177734375,-10.7421875,True,0.2169706916217071,0.3866705894470215,True,,,False
263,1.5166015625,1.5615234375,1.5390625,-44.921875,True,0.9073068225008344,0.3861429691314697,True,,,False
264,1.58203125,1.568359375,1.5751953125,13.671875,True,0.2761316767363846,0.38970303535461426,True,,,False
265,1.623046875,1.6572265625,1.64013671875,-34.1796875,True,0.6903968558087141,0.3876941204071045,True,,,False
266,1.50390625,1.5224609375,1.51318359375,-18.5546875,True,0.3747377099608688,0.3884389400482178,True,,,False
267,1.564453125,1.564453125,1.564453125,0.0,True,0.0,0.5013329982757568,True,,,False
268,1.49609375,1.5283203125,1.51220703125,-32.2265625,True,0.6508874525484055,0.39972639083862305,True,,,False
269,1.587890625,1.58984375,1.5888671875,-1.953125,True,0.03945050021486487,0.38850831985473633,True,,,False
270,1.505859375,1.5068359375,1.50634765625,-0.9765625,True,0.019723950712450776,0.38938140869140625,True,,,False
271,1.5859375,1.6044921875,1.59521484375,-18.5546875,True,0.37472874801499945,0.39388298988342285,True,,,False
272,1.53125,1.626953125,1.5791015625,-95.703125,True,1.9329438026258092,0.3848080635070801,True,,,False
273,1.5654296875,1.60546875,1.58544921875,-40.0390625,True,0.8086890695299153,0.4002838134765625,True,,,False
274,1.587890625,1.578125,1.5830078125,9.765625,True,0.197238362489976,0.3964223861694336,True,,,False
275,1.5341796875,1.552734375,1.54345703125,-18.5546875,True,0.3747590035383198,0.4030497074127197,True,,,False
276,1.583984375,1.53515625,1.5595703125,48.828125,True,0.9862333857787515,0.39681529998779297,True,,,False
277,1.5908203125,1.5458984375,1.568359375,44.921875,True,0.9072931892665088,0.3922252655029297,True,,,False
278,1.5927734375,1.607421875,1.60009765625,-14.6484375,True,0.2958690134370484,0.39417028427124023,True,,,False
279,1.56640625,1.5703125,1.568359375,-3.90625,True,0.07889660887494038,0.38667750358581543,True,,,False
280,1.501953125,1.5205078125,1.51123046875,-18.5546875,True,0.3747581399475976,0.38405323028564453,True,,,False
281,1.6591796875,1.609375,1.63427734375,49.8046875,True,1.0059520643923439,0.395733118057251,True,,,False
282,1.5673828125,1.5947265625,1.5810546875,-27.34375,True,0.5523068010107455,0.3850693702697754,True,,,False
283,1.5478515625,1.5498046875,1.548828125,-1.953125,True,0.039449080711763305,0.38486266136169434,True,,,False
284,1.6337890625,1.6630859375,1.6484375,-29.296875,True,0.5916927740126537,0.39499759674072266,True,,,False
285,1.5458984375,1.494140625,1.52001953125,51.7578125,True,1.0453191998568934,0.3857293128967285,True,,,False
286,1.6025390625,1.6630859375,1.6328125,-60.546875,True,1.2228658396355463,0.38492321968078613,True,,,False
287,1.478515625,1.4990234375,1.48876953125,-20.5078125,True,0.4142066013389995,0.3875997066497803,True,,,False
288,1.58984375,1.5224609375,1.55615234375,67.3828125,True,1.3609578505525723,0.390134334564209,True,,,False
289,1.5634765625,1.45703125,1.51025390625,106.4453125,True,2.1498565326376564,0.3858299255371094,True,,,False
290,1.521484375,1.5576171875,1.53955078125,-36.1328125,True,0.7297905767513516,0.3858602046966553,True,,,False
291,1.5986328125,1.623046875,1.61083984375,-24.4140625,True,0.49308532670526833,0.3999757766723633,True,,,False
292,1.5390625,1.546875,1.54296875,-7.8125,True,0.15779292030074793,0.3865671157836914,True,,,False
293,1.55859375,1.5810546875,1.56982421875,-22.4609375,True,0.45367849248110736,0.3862292766571045,True,,,False
294,1.5400390625,1.544921875,1.54248046875,-4.8828125,True,0.09861889247815693,0.39232444763183594,True,,,False
295,1.5576171875,1.6328125,1.59521484375,-75.1953125,True,1.51868414017287,0.3835623264312744,True,,,False
296,1.50390625,1.533203125,1.5185546875,-29.296875,True,0.5917432067452754,0.38666296005249023,True,,,False
297,1.5390625,1.5673828125,1.55322265625,-28.3203125,True,0.571980096189143,0.38699793815612793,True,,,False
298,1.5615234375,1.5654296875,1.5634765625,-3.90625,True,0.0788965495359524,0.3982360363006592,True,,,False
299,1.578125,1.587890625,1.5830078125,-9.765625,True,0.19723998932996264,0.38281798362731934,True,,,False
300,1.5634765625,1.599609375,1.58154296875,-36.1328125,True,0.729830422807823,0.3891901969909668,True,,,False
301,1.533203125,1.5224609375,1.52783203125,10.7421875,True,0.21697424130472204,0.5549681186676025,True,,,False
302,1.583984375,1.560546875,1.572265625,23.4375,True,0.4733748719409613,0.3839597702026367,True,,,False
303,1.5244140625,1.5234375,1.52392578125,0.9765625,True,0.019725003994297153,0.383861780166626,True,,,False
304,1.6103515625,1.6279296875,1.619140625,-17.578125,True,0.3550397713737727,0.3898444175720215,True,,,False
305,1.6142578125,1.6015625,1.60791015625,12.6953125,True,0.2564169278394796,0.3851785659790039,True,,,False
306,1.59375,1.583984375,1.5888671875,9.765625,True,0.19723678770747874,0.3840925693511963,True,,,False
307,1.5107421875,1.53125,1.52099609375,-20.5078125,True,0.41421383257433075,0.39249587059020996,True,,,False
308,1.5859375,1.5576171875,1.57177734375,28.3203125,True,0.5720367174750594,0.38541722297668457,True,,,False
309,1.6005859375,1.6083984375,1.6044921875,-7.8125,True,0.15779577048316576,0.3862731456756592,True,,,False
310,1.5439453125,1.5244140625,1.5341796875,19.53125,True,0.3945066499151168,0.39003658294677734,True,,,False
311,1.5498046875,1.5625,1.55615234375,-12.6953125,True,0.25639165045471296,0.39157867431640625,True,,,False
312,1.578125,1.6044921875,1.59130859375,-26.3671875,True,0.5325418153889871,0.3862764835357666,True,,,False
313,1.5224609375,1.5283203125,1.525390625,-5.859375,True,0.11834432536435771,0.3882558345794678,True,,,False
314,1.5390625,1.59375,1.56640625,-54.6875,True,1.1045925916953734,0.3960530757904053,True,,,False
315,1.5888671875,1.5732421875,1.5810546875,15.625,True,0.3155573647825717,0.3856983184814453,True,,,False
316,1.48828125,1.5224609375,1.50537109375,-34.1796875,True,0.6903346591597984,0.386643648147583,True,,,False
317,1.57421875,1.6044921875,1.58935546875,-30.2734375,True,0.6114527714685819,0.3922607898712158,True,,,False
318,1.5517578125,1.505859375,1.52880859375,45.8984375,True,0.9270357518287285,0.3873934745788574,True,,,False
319,1.556640625,1.5537109375,1.55517578125,2.9296875,True,0.05916999947801933,0.38417911529541016,True,,,False
320,1.5791015625,1.623046875,1.60107421875,-43.9453125,True,0.8875979736886677,0.38564181327819824,True,,,False
321,1.5546875,1.560546875,1.5576171875,-5.859375,True,0.11834095928074886,0.3922238349914551,True,,,False
322,1.64453125,1.5810546875,1.61279296875,63.4765625,True,1.2820341359122898,0.38429951667785645,True,,,False
323,1.576171875,1.5517578125,1.56396484375,24.4140625,True,0.4930964082114093,0.3829939365386963,True,,,False
324,1.607421875,1.5908203125,1.59912109375,16.6015625,True,0.33530877798212144,0.398845911026001,True,,,False
325,1.560546875,1.5400390625,1.55029296875,20.5078125,True,0.41421440151033445,0.38370776176452637,True,,,False
326,1.611328125,1.630859375,1.62109375,-19.53125,True,0.39447337112263203,0.38567471504211426,True,,,False
327,1.546875,1.5849609375,1.56591796875,-38.0859375,True,0.7692203531564654,0.38317060470581055,True,,,False
328,1.58984375,1.568359375,1.5791015625,21.484375,True,0.4339626131894759,0.3968544006347656,True,,,False
329,1.619140625,1.599609375,1.609375,19.53125,True,0.3944911549886699,0.3850390911102295,True,,,False
330,1.5595703125,1.5458984375,1.552734375,13.671875,True,0.2761059957567225,0.3827495574951172,True,,,False
331,1.607421875,1.58984375,1.5986328125,17.578125,True,0.35502632817945595,0.4007735252380371,True,,,False
332,1.5703125,1.5654296875,1.56787109375,4.8828125,True,0.09862850236116677,0.3858299255371094,True,,,False
333,1.53515625,1.5546875,1.544921875,-19.53125,True,0.39444770315437233,0.384232759475708,True,,,False
334,1.6142578125,1.59765625,1.60595703125,16.6015625,True,0.33532490380644847,0.38973307609558105,True,,,False
335,1.5478515625,1.57421875,1.56103515625,-26.3671875,True,0.5325573967151372,0.38631319999694824,True,,,False
336,1.5302734375,1.5322265625,1.53125,-1.953125,True,0.039447708746318866,0.384488582611084,True,,,False
337,1.5927734375,1.5859375,1.58935546875,6.8359375,True,0.13806104896427882,0.38667988777160645,True,,,False
338,1.6142578125,1.58984375,1.60205078125,24.4140625,True,0.49311893738026735,0.39264845848083496,True,,,False
339,1.5888671875,1.5693359375,1.5791015625,19.53125,True,0.3944712754265908,0.3847043514251709,True,,,False
340,1.6123046875,1.5947265625,1.603515625,17.578125,True,0.35504691316762843,0.3839387893676758,True,,,False
341,1.5791015625,1.6357421875,1.607421875,-56.640625,True,1.1440169682843697,0.39217114448547363,True,,,False
342,1.60546875,1.6025390625,1.60400390625,2.9296875,True,0.05917497014115222,0.38628411293029785,True,,,False
343,1.6171875,1.6396484375,1.62841796875,-22.4609375,True,0.4536375948931534,0.3843662738800049,True,,,False
344,1.59765625,1.6005859375,1.59912109375,-2.9296875,True,0.05917126385043999,0.38590192794799805,True,,,False
345,1.6240234375,1.5517578125,1.587890625,72.265625,True,1.4595596015920471,0.39609456062316895,True,,,False
346,1.5615234375,1.5859375,1.57373046875,-24.4140625,True,0.4930803723029049,0.3855886459350586,True,,,False
347,1.5947265625,1.5322265625,1.5634765625,62.5,True,1.262356817312314,0.38352084159851074,True,,,False
348,1.5927734375,1.6005859375,1.5966796875,-7.8125,True,0.15779505303633634,0.40346360206604004,True,,,False
349,1.595703125,1.564453125,1.580078125,31.25,True,0.6311559138230178,0.38576388359069824,True,,,False
350,1.578125,1.5810546875,1.57958984375,-2.9296875,True,0.059173920287786036,0.3855307102203369,True,,,False
351,1.57421875,1.5908203125,1.58251953125,-16.6015625,True,0.33530523044385285,0.3917660713195801,True,,,False
352,1.62109375,1.6103515625,1.61572265625,10.7421875,True,0.21695927389186392,0.38617801666259766,True,,,False
353,1.6025390625,1.6611328125,1.6318359375,-58.59375,True,1.1834198270534155,0.48277997970581055,True,,,False
354,1.5673828125,1.5712890625,1.5693359375,-3.90625,True,0.07889466666255468,0.40392041206359863,True,,,False
355,1.5888671875,1.611328125,1.60009765625,-22.4609375,True,0.4536465968904954,0.3900594711303711,True,,,False
356,1.4921875,1.53515625,1.513671875,-42.96875,True,0.8678947974638576,0.39171552658081055,True,,,False
357,1.591796875,1.5869140625,1.58935546875,4.8828125,True,0.0986209488025633,0.3905177116394043,True,,,False
358,1.6318359375,1.578125,1.60498046875,53.7109375,True,1.0848024326834005,0.4027082920074463,True,,,False
359,1.6162109375,1.6220703125,1.619140625,-5.859375,True,0.11834626415439202,0.38640308380126953,True,,,False
360,1.6083984375,1.6025390625,1.60546875,5.859375,True,0.11834407554083361,0.38696980476379395,True,,,False
361,1.583984375,1.5185546875,1.55126953125,65.4296875,True,1.321506998079798,0.3952629566192627,True,,,False
362,1.5673828125,1.6220703125,1.5947265625,-54.6875,True,1.104554371890882,0.3868534564971924,True,,,False
363,1.69921875,1.6416015625,1.67041015625,57.6171875,True,1.1637388365262404,0.3707394599914551,True,,,False
364,1.56640625,1.56640625,1.56640625,0.0,True,0.0,0.38971805572509766,True,,,False
365,1.5390625,1.5458984375,1.54248046875,-6.8359375,True,0.1380662159582073,0.3921058177947998,True,,,False
366,1.591796875,1.5810546875,1.58642578125,10.7421875,True,0.21696770325259646,0.38675427436828613,True,,,False
367,1.5283203125,1.533203125,1.53076171875,-4.8828125,True,0.09862236522504422,0.3880748748779297,True,,,False
368,1.58203125,1.5791015625,1.58056640625,2.9296875,True,0.05916839126593135,0.39133310317993164,True,,,False
369,1.513671875,1.5263671875,1.52001953125,-12.6953125,True,0.2564189288066664,0.38555216789245605,True,,,False
370,1.6123046875,1.6572265625,1.634765625,-44.921875,True,0.907305949081494,0.3893129825592041,True,,,False
371,1.484375,1.5556640625,1.52001953125,-71.2890625,True,1.439903343536112,0.40283823013305664,True,,,False
372,1.5517578125,1.603515625,1.57763671875,-51.7578125,True,1.0454758259943175,0.3880915641784668,True,,,False
373,1.54296875,1.49609375,1.51953125,46.875,True,0.9467740504603556,0.3858315944671631,True,,,False
374,1.560546875,1.568359375,1.564453125,-7.8125,True,0.15778292342036396,0.39052605628967285,True,,,False
375,1.5908203125,1.552734375,1.57177734375,38.0859375,True,0.7692228768898366,0.3982529640197754,True,,,False
376,1.572265625,1.583984375,1.578125,-11.71875,True,0.23668081254037887,0.3878641128540039,True,,,False
377,1.576171875,1.5751953125,1.57568359375,0.9765625,True,0.019725342426220885,0.3873591423034668,True,,,False
378,1.5498046875,1.5263671875,1.5380859375,23.4375,True,0.47339694571852875,0.39644551277160645,True,,,False
379,1.5361328125,1.5224609375,1.529296875,13.671875,True,0.27615024484367356,0.3862459659576416,True,,,False
380,1.595703125,1.6357421875,1.61572265625,-40.0390625,True,0.8086707522128177,0.3851172924041748,True,,,False
381,1.6396484375,1.6435546875,1.6416015625,-3.90625,True,0.07889767987747255,0.3937971591949463,True,,,False
382,1.517578125,1.474609375,1.49609375,42.96875,True,0.8679151796588249,0.385969877243042,True,,,False
383,1.578125,1.5546875,1.56640625,23.4375,True,0.47338107580242705,0.38640761375427246,True,,,False
384,1.56640625,1.5615234375,1.56396484375,4.8828125,True,0.0986222933347059,0.3868744373321533,True,,,False
385,1.521484375,1.5576171875,1.53955078125,-36.1328125,True,0.7297602711980721,0.3925926685333252,True,,,False
386,1.5654296875,1.615234375,1.59033203125,-49.8046875,True,1.0059174037953136,0.38622283935546875,True,,,False
387,1.6318359375,1.58984375,1.61083984375,41.9921875,True,0.8481650617668643,0.3874366283416748,True,,,False
388,1.55078125,1.5888671875,1.56982421875,-38.0859375,True,0.769203609838969,0.39583468437194824,True,,,False
389,1.6142578125,1.6611328125,1.6376953125,-46.875,True,0.9467471331635641,0.38702964782714844,True,,,False
390,1.5908203125,1.5498046875,1.5703125,41.015625,True,0.8284114597368993,0.39101243019104004,True,,,False
391,1.607421875,1.5517578125,1.57958984375,55.6640625,True,1.1242671987411021,0.39120912551879883,True,,,False
392,1.56640625,1.5771484375,1.57177734375,-10.7421875,True,0.216971485058393,0.39324235916137695,True,,,False
393,1.609375,1.5908203125,1.60009765625,18.5546875,True,0.3747457386158225,0.3881065845489502,True,,,False
394,1.5654296875,1.560546875,1.56298828125,4.8828125,True,0.0986157157785971,0.3869502544403076,True,,,False
395,1.576171875,1.623046875,1.599609375,-46.875,True,0.9467759092461286,0.3933999538421631,True,,,False
396,1.65625,1.68359375,1.669921875,-27.34375,True,0.5522439562309912,0.38958740234375,True,,,False
397,1.58984375,1.5615234375,1.57568359375,28.3203125,True,0.5719783564601494,0.3885676860809326,True,,,False
398,1.5068359375,1.505859375,1.50634765625,0.9765625,True,0.019724819354162794,0.39824700355529785,True,,,False
399,1.59765625,1.591796875,1.5947265625,5.859375,True,0.11834099483651042,0.38568806648254395,True,,,False
400,1.568359375,1.541015625,1.5546875,27.34375,True,0.5522555401062299,0.3876609802246094,True,,,False
401,1.5908203125,1.5732421875,1.58203125,17.578125,True,0.35500947559711193,0.5498907566070557,True,,,False
402,1.5498046875,1.505859375,1.52783203125,43.9453125,True,0.88760665607857,0.3865242004394531,True,,,False
403,1.583984375,1.5537109375,1.56884765625,30.2734375,True,0.6114591283286784,0.38749051094055176,True,,,False
404,1.55859375,1.5478515625,1.55322265625,10.7421875,True,0.21694981640525535,0.3905961513519287,True,,,False
405,1.642578125,1.576171875,1.609375,66.40625,True,1.3412915963538767,0.3903462886810303,True,,,False
406,1.572265625,1.58203125,1.5771484375,-9.765625,True,0.19723814538652346,0.3858821392059326,True,,,False
407,1.5556640625,1.57421875,1.56494140625,-18.5546875,True,0.3747577326489804,0.38775062561035156,True,,,False
408,1.599609375,1.595703125,1.59765625,3.90625,True,0.07889679194383266,0.3936641216278076,True,,,False
409,1.6484375,1.607421875,1.6279296875,41.015625,True,0.8284214872691913,0.394122838973999,True,,,False
410,1.595703125,1.615234375,1.60546875,-19.53125,True,0.394476695725111,0.3865013122558594,True,,,False
411,1.5595703125,1.55078125,1.55517578125,8.7890625,True,0.17752018358983598,0.3892486095428467,True,,,False
412,1.55859375,1.546875,1.552734375,11.71875,True,0.2366879382557456,0.39976072311401367,True,,,False
413,1.5849609375,1.59375,1.58935546875,-8.7890625,True,0.17751667053922324,0.3847835063934326,True,,,False
414,1.525390625,1.533203125,1.529296875,-7.8125,True,0.1577941673893526,0.3858492374420166,True,,,False
415,1.5966796875,1.642578125,1.61962890625,-45.8984375,True,0.9269965234124689,0.3999965190887451,True,,,False
416,1.6240234375,1.59375,1.60888671875,30.2734375,True,0.611450467749173,0.3852219581604004,True,,,False
417,1.5751953125,1.607421875,1.59130859375,-32.2265625,True,0.6509146845304983,0.3873717784881592,True,,,False
418,1.595703125,1.5712890625,1.58349609375,24.4140625,True,0.4930922698740791,0.3941018581390381,True,,,False
419,1.580078125,1.5849609375,1.58251953125,-4.8828125,True,0.09861588916812229,0.3910813331604004,True,,,False
420,1.6064453125,1.544921875,1.57568359375,61.5234375,True,1.2425952710530128,0.3869447708129883,True,,,False
421,1.5810546875,1.564453125,1.57275390625,16.6015625,True,0.33530398191824123,0.38747477531433105,True,,,False
422,1.58203125,1.5771484375,1.57958984375,4.8828125,True,0.09862358970350768,0.3976411819458008,True,,,False
423,1.603515625,1.552734375,1.578125,50.78125,True,1.0256479042273143,0.3894968032836914,True,,,False
424,1.6044921875,1.6171875,1.61083984375,-12.6953125,True,0.2564261748030934,0.38726305961608887,True,,,False
425,1.4892578125,1.560546875,1.52490234375,-71.2890625,True,1.4398637851637037,0.3917415142059326,True,,,False
426,1.5068359375,1.560546875,1.53369140625,-53.7109375,True,1.084766668468266,0.39343881607055664,True,,,False
427,1.6240234375,1.60546875,1.61474609375,18.5546875,True,0.37477364219216713,0.3862481117248535,True,,,False
428,1.56640625,1.6015625,1.583984375,-35.15625,True,0.7100741036827252,0.38518285751342773,True,,,False
429,1.5537109375,1.5546875,1.55419921875,-0.9765625,True,0.01972348869773364,0.39704012870788574,True,,,False
430,1.5703125,1.5947265625,1.58251953125,-24.4140625,True,0.4930686725952099,0.38600659370422363,True,,,False
431,1.501953125,1.5751953125,1.53857421875,-73.2421875,True,1.4793642151694504,0.3867371082305908,True,,,False
432,1.5966796875,1.5693359375,1.5830078125,27.34375,True,0.5522973729591952,0.40300774574279785,True,,,False
433,1.5751953125,1.5673828125,1.5712890625,7.8125,True,0.15779124771711087,0.3872971534729004,True,,,False
434,1.5693359375,1.5771484375,1.5732421875,-7.8125,True,0.15778992138994222,0.4848439693450928,True,,,False
435,1.5302734375,1.45703125,1.49365234375,73.2421875,True,1.4792682664170869,0.41428399085998535,True,,,False
436,1.5302734375,1.5830078125,1.556640625,-52.734375,True,1.0650851035661046,0.38793444633483887,True,,,False
437,1.58203125,1.5947265625,1.58837890625,-12.6953125,True,0.25639705201633367,0.3873107433319092,True,,,False
438,1.556640625,1.498046875,1.52734375,58.59375,True,1.18353608866459,0.3889436721801758,True,,,False
439,1.53125,1.5205078125,1.52587890625,10.7421875,True,0.21696975340134309,0.40405750274658203,True,,,False
440,1.5595703125,1.5693359375,1.564453125,-9.765625,True,0.19723586748124078,0.3846464157104492,True,,,False
441,1.58203125,1.560546875,1.5712890625,21.484375,True,0.43394830780002525,0.3880758285522461,True,,,False
442,1.58984375,1.59375,1.591796875,-3.90625,True,0.07889830874206515,0.40233325958251953,True,,,False
443,1.6435546875,1.5966796875,1.6201171875,46.875,True,0.9467892936272669,0.39610981941223145,True,,,False
444,1.5908203125,1.5703125,1.58056640625,20.5078125,True,0.4141893730608125,0.3917837142944336,True,,,False
445,1.556640625,1.5625,1.5595703125,-5.859375,True,0.11834161524996238,0.39430904388427734,True,,,False
446,1.583984375,1.6328125,1.6083984375,-48.828125,True,0.9862127120790802,0.3950684070587158,True,,,False
447,1.6318359375,1.61328125,1.62255859375,18.5546875,True,0.3747515374646175,0.39058494567871094,True,,,False
448,1.587890625,1.5849609375,1.58642578125,2.9296875,True,0.059171823036241016,0.3868072032928467,True,,,False
449,1.6064453125,1.591796875,1.59912109375,14.6484375,True,0.29585590079673396,0.39777183532714844,True,,,False
450,1.58984375,1.5380859375,1.56396484375,51.7578125,True,1.0453993300407116,0.3846015930175781,True,,,False
451,1.5634765625,1.55859375,1.56103515625,4.8828125,True,0.09861032612969568,0.3870100975036621,True,,,False
452,1.5849609375,1.5517578125,1.568359375,33.203125,True,0.6706163078517818,0.39851999282836914,True,,,False
453,1.5849609375,1.5224609375,1.5537109375,62.5,True,1.2623907211449532,0.38689446449279785,True,,,False
454,1.548828125,1.546875,1.5478515625,1.953125,True,0.039450502928659016,0.3862125873565674,True,,,False
455,1.62109375,1.6142578125,1.61767578125,6.8359375,True,0.13806369582695766,0.3846755027770996,True,,,False
456,1.611328125,1.640625,1.6259765625,-29.296875,True,0.591723331897159,0.39062023162841797,True,,,False
457,1.599609375,1.55859375,1.5791015625,41.015625,True,0.8284383320759622,0.3861525058746338,True,,,False
458,1.6162109375,1.6689453125,1.642578125,-52.734375,True,1.0651460422460701,0.3875110149383545,True,,,False
459,1.607421875,1.5771484375,1.59228515625,30.2734375,True,0.6114529580800838,0.3910331726074219,True,,,False
460,1.5283203125,1.529296875,1.52880859375,-0.9765625,True,0.01972431849787369,0.38707566261291504,True,,,False
461,1.634765625,1.6201171875,1.62744140625,14.6484375,True,0.2958395871922685,0.3859379291534424,True,,,False
462,1.583984375,1.5966796875,1.59033203125,-12.6953125,True,0.2564161335782658,0.39562535285949707,True,,,False
463,1.572265625,1.6474609375,1.60986328125,-75.1953125,True,1.518751530771368,0.5447268486022949,True,,,False
464,1.462890625,1.52734375,1.4951171875,-64.453125,True,1.3018418988812026,0.3882408142089844,True,,,False
465,1.607421875,1.6103515625,1.60888671875,-2.9296875,True,0.05917326264841004,0.3970968723297119,True,,,False
466,1.5400390625,1.5380859375,1.5390625,1.953125,True,0.039451770957588846,0.38747525215148926,True,,,False
467,1.5771484375,1.625,1.60107421875,-47.8515625,True,0.9664698633120449,0.38809728622436523,True,,,False
468,1.54296875,1.5419921875,1.54248046875,0.9765625,True,0.019723701158949964,0.38550901412963867,True,,,False
469,1.6162109375,1.611328125,1.61376953125,4.8828125,True,0.09862336510246558,0.40079689025878906,True,,,False
470,1.556640625,1.564453125,1.560546875,-7.8125,True,0.1577983666582973,0.3864741325378418,True,,,False
471,1.533203125,1.5556640625,1.54443359375,-22.4609375,True,0.4536551726616588,0.3876914978027344,True,,,False
472,1.5751953125,1.654296875,1.61474609375,-79.1015625,True,1.5976966672698272,0.3986036777496338,True,,,False
473,1.533203125,1.5390625,1.5361328125,-5.859375,True,0.11833814498150913,0.3870398998260498,True,,,False
474,1.51171875,1.5146484375,1.51318359375,-2.9296875,True,0.0591743313622663,0.38657498359680176,True,,,False
475,1.580078125,1.5888671875,1.58447265625,-8.7890625,True,0.17751806668189937,0.3926229476928711,True,,,False
476,1.6064453125,1.5966796875,1.6015625,9.765625,True,0.19722842761090115,0.3844168186187744,True,,,False
477,1.4423828125,1.4990234375,1.470703125,-56.640625,True,1.1439767206757745,0.3862941265106201,True,,,False
478,1.583984375,1.6025390625,1.59326171875,-18.5546875,True,0.3747544033743115,0.38558363914489746,True,,,False
479,1.5244140625,1.60546875,1.56494140625,-81.0546875,True,1.6370668351645739,0.39166975021362305,True,,,False
480,1.58203125,1.572265625,1.5771484375,9.765625,True,0.19723536729615687,0.3922767639160156,True,,,False
481,1.607421875,1.5634765625,1.58544921875,43.9453125,True,0.8875675122733535,0.3856353759765625,True,,,False
482,1.587890625,1.640625,1.6142578125,-52.734375,True,1.0650948406686849,0.40386533737182617,True,,,False
483,1.5625,1.59375,1.578125,-31.25,True,0.6311761919599002,0.38744473457336426,True,,,False
484,1.583984375,1.6796875,1.6318359375,-95.703125,True,1.9330217386032582,0.37158823013305664,True,,,False
485,1.5205078125,1.5947265625,1.5576171875,-74.21875,True,1.4990121272352201,0.3902461528778076,True,,,False
486,1.5732421875,1.5849609375,1.5791015625,-11.71875,True,0.23669735241891998,0.39307260513305664,True,,,False
487,1.5810546875,1.6005859375,1.5908203125,-19.53125,True,0.3944863248481346,0.38861870765686035,True,,,False
488,1.6474609375,1.5732421875,1.6103515625,74.21875,True,1.4990250542112271,0.3891561031341553,True,,,False
489,1.619140625,1.6025390625,1.61083984375,16.6015625,True,0.3353283778156029,0.388627290725708,True,,,False
490,1.6005859375,1.5947265625,1.59765625,5.859375,True,0.11835184178967377,0.3876042366027832,True,,,False
491,1.556640625,1.595703125,1.576171875,-39.0625,True,0.7889894710472827,0.386716365814209,True,,,False
492,1.609375,1.599609375,1.6044921875,9.765625,True,0.1972289339044818,0.3928678035736084,True,,,False
493,1.6416015625,1.6015625,1.62158203125,40.0390625,True,0.8086610212320955,0.38803839683532715,True,,,False
494,1.5419921875,1.5869140625,1.564453125,-44.921875,True,0.9072666001878029,0.38639187812805176,True,,,False
495,1.5654296875,1.525390625,1.54541015625,40.0390625,True,0.8087321440946668,0.3876490592956543,True,,,False
496,1.599609375,1.576171875,1.587890625,23.4375,True,0.473376010801746,0.3918135166168213,True,,,False
497,1.646484375,1.623046875,1.634765625,23.4375,True,0.4733330284897756,0.3870418071746826,True,,,False
498,1.6103515625,1.58203125,1.59619140625,28.3203125,True,0.5720042557768416,0.3856029510498047,True,,,False
499,1.6376953125,1.63671875,1.63720703125,0.9765625,True,0.019723717261603293,0.4039185047149658,True,,,False
500,1.59375,1.5927734375,1.59326171875,0.9765625,True,0.01972252900582224,6.758681774139404,True,1.55670237485363,0.3161592505854801,False
501,1.5146484375,1.5556640625,1.53515625,-41.015625,True,0.8283852666224392,0.7867786884307861,True,,,False
502,1.59765625,1.6240234375,1.61083984375,-26.3671875,True,0.5325560902501528,0.47478580474853516,True,,,False
503,1.5693359375,1.498046875,1.53369140625,71.2890625,True,1.4398375559860161,0.4063422679901123,True,,,False
504,1.5859375,1.5654296875,1.57568359375,20.5078125,True,0.4141904007133117,0.38637614250183105,True,,,False
505,1.640625,1.6669921875,1.65380859375,-26.3671875,True,0.5325356417809237,0.39467573165893555,True,,,False
506,1.5517578125,1.578125,1.56494140625,-26.3671875,True,0.5325434926365984,0.3888671398162842,True,,,False
507,1.548828125,1.576171875,1.5625,-27.34375,True,0.5522502505432183,0.3884701728820801,True,,,False
508,1.52734375,1.5166015625,1.52197265625,10.7421875,True,0.21697118181056366,0.39452409744262695,True,,,False
509,1.5458984375,1.609375,1.57763671875,-63.4765625,True,1.2821278935712304,0.3912997245788574,True,,,False
510,1.6142578125,1.6220703125,1.6181640625,-7.8125,True,0.15780256881867813,0.4027082920074463,True,,,False
511,1.5966796875,1.58984375,1.59326171875,6.8359375,True,0.13807179329595712,0.3915698528289795,True,,,False
512,1.552734375,1.537109375,1.544921875,15.625,True,0.31558080239201736,0.40411996841430664,True,,,False
513,1.5771484375,1.55859375,1.56787109375,18.5546875,True,0.3747833724240399,0.3885509967803955,True,,,False
514,1.5810546875,1.55859375,1.56982421875,22.4609375,True,0.45365805195354203,0.3858325481414795,True,,,False
515,1.5712890625,1.564453125,1.56787109375,6.8359375,True,0.1380728064123618,0.38964176177978516,True,,,False
516,1.46875,1.51953125,1.494140625,-50.78125,True,1.02567614716736,0.3856673240661621,True,,,False
517,1.623046875,1.5791015625,1.60107421875,43.9453125,True,0.8875884400762466,0.38670897483825684,True,,,False
518,1.568359375,1.5771484375,1.57275390625,-8.7890625,True,0.17751709848648106,0.385725736618042,True,,,False
519,1.5751953125,1.580078125,1.57763671875,-4.8828125,True,0.09862418939825571,0.3952815532684326,True,,,False
520,1.5595703125,1.5771484375,1.568359375,-17.578125,True,0.3550157946027727,0.3864312171936035,True,,,False
521,1.568359375,1.537109375,1.552734375,31.25,True,0.6311807793193155,0.3854234218597412,True,,,False
522,1.55078125,1.515625,1.533203125,35.15625,True,0.7100552171744106,0.3968796730041504,True,,,False
523,1.64453125,1.591796875,1.6181640625,52.734375,True,1.065086027023348,0.38547420501708984,True,,,False
524,1.5771484375,1.51953125,1.54833984375,57.6171875,True,1.1636983407137407,0.3889651298522949,True,,,False
525,1.5546875,1.546875,1.55078125,7.8125,True,0.15779205801868504,0.3916037082672119,True,,,False
526,1.498046875,1.5087890625,1.50341796875,-10.7421875,True,0.2169683574270843,0.39116978645324707,True,,,False
527,1.53125,1.5048828125,1.51806640625,26.3671875,True,0.5325199328581589,0.3849358558654785,True,,,False
528,1.4404296875,1.4931640625,1.466796875,-52.734375,True,1.0651046613006312,0.38387227058410645,True,,,False
529,1.49609375,1.5380859375,1.51708984375,-41.9921875,True,0.8481480271001804,0.3926715850830078,True,,,False
530,1.53125,1.5869140625,1.55908203125,-55.6640625,True,1.124272575698088,0.38646769523620605,True,,,False
531,1.537109375,1.5830078125,1.56005859375,-45.8984375,True,0.9269449382328762,0.38640475273132324,True,,,False
532,1.521484375,1.51171875,1.5166015625,9.765625,True,0.19724806847887655,0.3955576419830322,True,,,False
533,1.5068359375,1.4736328125,1.490234375,33.203125,True,0.6706333998608062,0.3852396011352539,True,,,False
534,1.541015625,1.525390625,1.533203125,15.625,True,0.3155897107925125,0.3862032890319824,True,,,False
535,1.5048828125,1.4833984375,1.494140625,21.484375,True,0.4339231731124868,0.38753247261047363,True,,,False
536,1.609375,1.583984375,1.5966796875,25.390625,True,0.512839082967835,0.3938741683959961,True,,,False
537,1.6103515625,1.6103515625,1.6103515625,0.0,True,0.0,0.3861379623413086,True,,,False
538,1.5400390625,1.5537109375,1.546875,-13.671875,True,0.2761406404340162,0.3851468563079834,True,,,False
539,1.548828125,1.5478515625,1.54833984375,0.9765625,True,0.019724111247386378,0.39040160179138184,True,,,False
540,1.6025390625,1.5830078125,1.5927734375,19.53125,True,0.39447437307598526,0.38828253746032715,True,,,False
541,1.5869140625,1.5966796875,1.591796875,-9.765625,True,0.19725057152206768,0.3842191696166992,True,,,False
542,1.560546875,1.5625,1.5615234375,-1.953125,True,0.039448510642807286,0.4009838104248047,True,,,False
543,1.6279296875,1.587890625,1.60791015625,40.0390625,True,0.808688702685844,0.38501453399658203,True,,,False
544,1.595703125,1.55859375,1.5771484375,37.109375,True,0.7495302927549993,0.3880648612976074,True,,,False
545,1.5517578125,1.5546875,1.55322265625,-2.9296875,True,0.059175121177551575,0.386338472366333,True,,,False
546,1.541015625,1.55859375,1.5498046875,-17.578125,True,0.3550083582402124,0.3978426456451416,True,,,False
547,1.6240234375,1.67578125,1.64990234375,-51.7578125,True,1.0453618475205138,0.38690614700317383,True,,,False
548,1.5166015625,1.5654296875,1.541015625,-48.828125,True,0.9862730163733939,0.3854379653930664,True,,,False
549,1.568359375,1.578125,1.5732421875,-9.765625,True,0.19724769565422318,0.3968217372894287,True,,,False
550,1.6005859375,1.6279296875,1.6142578125,-27.34375,True,0.5522691613316452,0.38573122024536133,True,,,False
551,1.5888671875,1.5830078125,1.5859375,5.859375,True,0.11834919657746293,0.3865225315093994,True,,,False
552,1.6376953125,1.625,1.63134765625,12.6953125,True,0.25640014373486886,0.3944525718688965,True,,,False
553,1.55859375,1.5029296875,1.53076171875,55.6640625,True,1.1243314211798712,0.39177536964416504,True,,,False
554,1.609375,1.5576171875,1.58349609375,51.7578125,True,1.045363834953561,0.39283323287963867,True,,,False
555,1.572265625,1.5791015625,1.57568359375,-6.8359375,True,0.1380659858179346,0.3939056396484375,True,,,False
556,1.5751953125,1.5986328125,1.5869140625,-23.4375,True,0.4733832367724005,0.3925282955169678,True,,,False
557,1.5283203125,1.5849609375,1.556640625,-56.640625,True,1.1440075440130493,0.38683342933654785,True,,,False
558,1.623046875,1.5966796875,1.60986328125,26.3671875,True,0.5325524524208023,0.38472819328308105,True,,,False
559,1.572265625,1.6044921875,1.58837890625,-32.2265625,True,0.6508943174670028,0.39607763290405273,True,,,False
560,1.6064453125,1.623046875,1.61474609375,-16.6015625,True,0.33531342980044754,0.3886110782623291,True,,,False
561,1.5361328125,1.5107421875,1.5234375,25.390625,True,0.5127983852866878,0.3922700881958008,True,,,False
562,1.546875,1.53515625,1.541015625,11.71875,True,0.23669428434404932,0.3948523998260498,True,,,False
563,1.525390625,1.5986328125,1.56201171875,-73.2421875,True,1.4793114514994565,0.39806175231933594,True,,,False
564,1.552734375,1.5341796875,1.54345703125,18.5546875,True,0.3747614621604539,0.393355131149292,True,,,False
565,1.5205078125,1.6025390625,1.5615234375,-82.03125,True,1.6567810282825615,0.3949096202850342,True,,,False
566,1.4697265625,1.5048828125,1.4873046875,-35.15625,True,0.7100903121197353,0.40268874168395996,True,,,False
567,1.5751953125,1.5673828125,1.5712890625,7.8125,True,0.15778868103409646,0.391864538192749,True,,,False
568,1.5166015625,1.51953125,1.51806640625,-2.9296875,True,0.05917193445854708,0.39037609100341797,True,,,False
569,1.5634765625,1.62890625,1.59619140625,-65.4296875,True,1.321451931538978,0.39510321617126465,True,,,False
570,1.5615234375,1.5966796875,1.5791015625,-35.15625,True,0.7100538442641092,0.38649702072143555,True,,,False
571,1.6162109375,1.5615234375,1.5888671875,54.6875,True,1.1045806802690439,0.38657045364379883,True,,,False
572,1.6357421875,1.595703125,1.61572265625,40.0390625,True,0.8087236898529745,0.39431071281433105,True,,,False
573,1.5927734375,1.595703125,1.59423828125,-2.9296875,True,0.05917300175279842,0.3984375,True,,,False
574,1.58203125,1.564453125,1.5732421875,17.578125,True,0.35503399426632837,0.38837671279907227,True,,,False
575,1.5966796875,1.5927734375,1.5947265625,3.90625,True,0.07889448504971495,0.3932933807373047,True,,,False
576,1.5732421875,1.580078125,1.57666015625,-6.8359375,True,0.1380682241539321,0.4022853374481201,True,,,False
577,1.5615234375,1.6005859375,1.5810546875,-39.0625,True,0.7889375382763969,0.38780951499938965,True,,,False
578,1.623046875,1.623046875,1.623046875,0.0,True,0.0,0.3886220455169678,True,,,False
579,1.56640625,1.5830078125,1.57470703125,-16.6015625,True,0.33530728482399114,0.393169641494751,True,,,False
580,1.5830078125,1.5625,1.57275390625,20.5078125,True,0.41416785987095844,0.3874847888946533,True,,,False
581,1.537109375,1.5654296875,1.55126953125,-28.3203125,True,0.5719980714408681,0.3904073238372803,True,,,False
582,1.5810546875,1.6015625,1.59130859375,-20.5078125,True,0.4142180874839413,0.3872034549713135,True,,,False
583,1.5263671875,1.5341796875,1.5302734375,-7.8125,True,0.15779881960629705,0.39238834381103516,True,,,False
584,1.5341796875,1.55859375,1.54638671875,-24.4140625,True,0.49309390736155795,0.38512134552001953,True,,,False
585,1.6044921875,1.6201171875,1.6123046875,-15.625,True,0.3155761246302598,0.38519954681396484,True,,,False
586,1.572265625,1.564453125,1.568359375,7.8125,True,0.15778938739581522,0.4040224552154541,True,,,False
587,1.580078125,1.6220703125,1.60107421875,-41.9921875,True,0.8481121960774519,0.3857913017272949,True,,,False
588,1.5537109375,1.580078125,1.56689453125,-26.3671875,True,0.5325267647431973,0.39203667640686035,True,,,False
589,1.564453125,1.609375,1.5869140625,-44.921875,True,0.9072778931053336,0.5070292949676514,True,,,False
590,1.580078125,1.5703125,1.5751953125,9.765625,True,0.19723524979789303,0.39716672897338867,True,,,False
591,1.5595703125,1.5341796875,1.546875,25.390625,True,0.5128455167286619,0.3863356113433838,True,,,False
592,1.55859375,1.5810546875,1.56982421875,-22.4609375,True,0.4537178006220093,0.40210556983947754,True,,,False
593,1.4912109375,1.5400390625,1.515625,-48.828125,True,0.9862445154144466,0.387296199798584,True,,,False
594,1.59765625,1.5791015625,1.58837890625,18.5546875,True,0.3747797308260259,0.3841249942779541,True,,,False
595,1.541015625,1.556640625,1.548828125,-15.625,True,0.31557860411026534,0.3878366947174072,True,,,False
596,1.5625,1.5947265625,1.57861328125,-32.2265625,True,0.6508948419179619,0.3938324451446533,True,,,False
597,1.4052734375,1.5419921875,1.4736328125,-136.71875,True,2.761463829115911,0.38768959045410156,True,,,False
598,1.6220703125,1.64453125,1.63330078125,-22.4609375,True,0.4536463774831373,0.3950188159942627,True,,,False
599,1.5556640625,1.56640625,1.56103515625,-10.7421875,True,0.21695783640226898,0.4022974967956543,True,,,False
600,1.5458984375,1.5517578125,1.548828125,-5.859375,True,0.11834133773451817,0.38583803176879883,True,,,False
601,1.6455078125,1.62109375,1.63330078125,24.4140625,True,0.4931097993869811,0.5449028015136719,True,,,False
602,1.5556640625,1.576171875,1.56591796875,-20.5078125,True,0.4142168542929694,0.3928050994873047,True,,,False
603,1.5556640625,1.515625,1.53564453125,40.0390625,True,0.80869853255478,0.3862326145172119,True,,,False
604,1.5458984375,1.5498046875,1.5478515625,-3.90625,True,0.07889828578864934,0.38728833198547363,True,,,False
605,1.6884765625,1.677734375,1.68310546875,10.7421875,True,0.2169633621535005,0.3781595230102539,True,,,False
606,1.53125,1.5205078125,1.52587890625,10.7421875,True,0.21696522649449007,0.3862185478210449,True,,,False
607,1.533203125,1.6044921875,1.56884765625,-71.2890625,True,1.4398918261184461,0.38666868209838867,True,,,False
608,1.5,1.4794921875,1.48974609375,20.5078125,True,0.41423515023933244,0.3872387409210205,True,,,False
609,1.5234375,1.52734375,1.525390625,-3.90625,True,0.07889887300058093,0.3934016227722168,True,,,False
610,1.6337890625,1.595703125,1.61474609375,38.0859375,True,0.7692556339703152,0.38668274879455566,True,,,False
611,1.5615234375,1.5615234375,1.5615234375,0.0,True,0.0,0.3887808322906494,True,,,False
612,1.5419921875,1.5556640625,1.548828125,-13.671875,True,0.27614470043079214,0.3921184539794922,True,,,False
613,1.5751953125,1.548828125,1.56201171875,26.3671875,True,0.5325425761523415,0.38758420944213867,True,,,False
614,1.533203125,1.56640625,1.5498046875,-33.203125,True,0.6706118848606477,0.3878779411315918,True,,,False
615,1.6171875,1.6865234375,1.65185546875,-69.3359375,True,1.4004665099521463,0.3948550224304199,True,,,False
616,1.587890625,1.58203125,1.5849609375,5.859375,True,0.11833806251011084,0.3894674777984619,True,,,False
617,1.5205078125,1.5029296875,1.51171875,17.578125,True,0.3550339643306406,0.3881092071533203,True,,,False
618,1.6591796875,1.607421875,1.63330078125,51.7578125,True,1.0454536263402283,0.3861656188964844,True,,,False
619,1.6015625,1.59375,1.59765625,7.8125,True,0.15779036456438794,0.40123629570007324,True,,,False
620,1.5556640625,1.5888671875,1.572265625,-33.203125,True,0.6706121681309554,0.388225793838501,True,,,False
621,1.5166015625,1.5087890625,1.5126953125,7.8125,True,0.15778804053050882,0.38741564750671387,True,,,False
622,1.6005859375,1.6298828125,1.615234375,-29.296875,True,0.5917310957026991,0.39023613929748535,True,,,False
623,1.556640625,1.5712890625,1.56396484375,-14.6484375,True,0.2958508767946758,0.38662147521972656,True,,,False
624,1.5625,1.6455078125,1.60400390625,-83.0078125,True,1.6766405851888646,0.38645124435424805,True,,,False
625,1.58203125,1.5869140625,1.58447265625,-4.8828125,True,0.09862153477785392,0.39227724075317383,True,,,False
626,1.552734375,1.5791015625,1.56591796875,-26.3671875,True,0.532557455157331,0.3876204490661621,True,,,False
627,1.6142578125,1.6015625,1.60791015625,12.6953125,True,0.2564156646140475,0.38820672035217285,True,,,False
628,1.5751953125,1.626953125,1.60107421875,-51.7578125,True,1.0453725745549554,0.387998104095459,True,,,False
629,1.576171875,1.5732421875,1.57470703125,2.9296875,True,0.05917010603587559,0.39246582984924316,True,,,False
630,1.5654296875,1.5791015625,1.572265625,-13.671875,True,0.27615002174222836,0.39383983612060547,True,,,False
631,1.6044921875,1.611328125,1.60791015625,-6.8359375,True,0.13806860970753804,0.3880929946899414,True,,,False
632,1.57421875,1.51171875,1.54296875,62.5,True,1.262364887703677,0.39614057540893555,True,,,False
633,1.5732421875,1.529296875,1.55126953125,43.9453125,True,0.8876021201520855,0.38729357719421387,True,,,False
634,1.5576171875,1.5498046875,1.5537109375,7.8125,True,0.1577973794238084,0.38640594482421875,True,,,False
635,1.544921875,1.580078125,1.5625,-35.15625,True,0.7100132120030705,0.39251112937927246,True,,,False
636,1.53515625,1.4814453125,1.50830078125,53.7109375,True,1.084791783346696,0.392409086227417,True,,,False
637,1.587890625,1.5791015625,1.58349609375,8.7890625,True,0.17750439982899544,0.3861196041107178,True,,,False
638,1.5,1.537109375,1.5185546875,-37.109375,True,0.7494768092361985,0.3887948989868164,True,,,False
639,1.6474609375,1.6181640625,1.6328125,29.296875,True,0.5917239420320833,0.3982350826263428,True,,,False
640,1.595703125,1.59765625,1.5966796875,-1.953125,True,0.039447926468542414,0.38776254653930664,True,,,False
641,1.5126953125,1.5673828125,1.5400390625,-54.6875,True,1.104579402681338,0.3887660503387451,True,,,False
642,1.533203125,1.5751953125,1.55419921875,-41.9921875,True,0.8481561780563551,0.38994884490966797,True,,,False
643,1.6044921875,1.62890625,1.61669921875,-24.4140625,True,0.4931108877240448,0.38634634017944336,True,,,False
644,1.5205078125,1.5380859375,1.529296875,-17.578125,True,0.3550285023228944,0.38750314712524414,True,,,False
645,1.5341796875,1.548828125,1.54150390625,-14.6484375,True,0.2958523697464312,0.39349913597106934,True,,,False
646,1.599609375,1.59765625,1.5986328125,1.953125,True,0.03944806405296296,0.39218974113464355,True,,,False
647,1.599609375,1.6982421875,1.64892578125,-98.6328125,True,1.9921032136424677,0.3852252960205078,True,,,False
648,1.580078125,1.541015625,1.560546875,39.0625,True,0.7889414205761525,0.389331579208374,True,,,False
649,1.6259765625,1.568359375,1.59716796875,57.6171875,True,1.163706132838786,0.40010523796081543,True,,,False
650,1.6201171875,1.5380859375,1.5791015625,82.03125,True,1.6567660558716444,0.3881504535675049,True,,,False
651,1.5419921875,1.5751953125,1.55859375,-33.203125,True,0.6706092253171548,0.3873114585876465,True,,,False
652,1.6044921875,1.5830078125,1.59375,21.484375,True,0.4339355229345375,0.3929479122161865,True,,,False
653,1.59375,1.5849609375,1.58935546875,8.7890625,True,0.17752591268894677,0.39339232444763184,True,,,False
654,1.609375,1.607421875,1.6083984375,1.953125,True,0.039447693985213556,0.38745641708374023,True,,,False
655,1.57421875,1.5537109375,1.56396484375,20.5078125,True,0.41420248481113414,0.3887162208557129,True,,,False
656,1.498046875,1.546875,1.5224609375,-48.828125,True,0.9862005098230446,0.39381837844848633,True,,,False
657,1.51953125,1.5205078125,1.52001953125,-0.9765625,True,0.01972367584510452,0.3870532512664795,True,,,False
658,1.541015625,1.4873046875,1.51416015625,53.7109375,True,1.084895816463681,0.38811755180358887,True,,,False
659,1.6201171875,1.6162109375,1.6181640625,3.90625,True,0.07889231525992756,0.4027707576751709,True,,,False
660,1.529296875,1.51171875,1.5205078125,17.578125,True,0.35504032030173066,0.38611626625061035,True,,,False
661,1.61328125,1.5869140625,1.60009765625,26.3671875,True,0.5325112197299957,0.3857705593109131,True,,,False
662,1.5966796875,1.5732421875,1.5849609375,23.4375,True,0.47337325787950163,0.39580607414245605,True,,,False
663,1.591796875,1.544921875,1.568359375,46.875,True,0.9467721142356572,0.38900184631347656,True,,,False
664,1.521484375,1.5322265625,1.52685546875,-10.7421875,True,0.2169531403519124,0.3876173496246338,True,,,False
665,1.5185546875,1.546875,1.53271484375,-28.3203125,True,0.5720224165272078,0.39286327362060547,True,,,False
666,1.5673828125,1.5732421875,1.5703125,-5.859375,True,0.11834002397682966,0.399916410446167,True,,,False
667,1.5224609375,1.44921875,1.48583984375,73.2421875,True,1.4792620717810416,0.387711763381958,True,,,False
668,1.5830078125,1.6044921875,1.59375,-21.484375,True,0.433940806705285,0.38519883155822754,True,,,False
669,1.54296875,1.515625,1.529296875,27.34375,True,0.5522695117750316,0.40473103523254395,True,,,False
670,1.5673828125,1.576171875,1.57177734375,-8.7890625,True,0.17751212888979603,0.3875422477722168,True,,,False
671,1.5986328125,1.572265625,1.58544921875,26.3671875,True,0.5325420038680438,0.3877725601196289,True,,,False
672,1.5498046875,1.5419921875,1.5458984375,7.8125,True,0.15779369213832647,0.3902268409729004,True,,,False
673,1.5869140625,1.6044921875,1.595703125,-17.578125,True,0.355046773378496,0.3942694664001465,True,,,False
674,1.4912109375,1.564453125,1.52783203125,-73.2421875,True,1.4792788794034957,0.3894047737121582,True,,,False
675,1.6396484375,1.6455078125,1.642578125,-5.859375,True,0.1183447177335135,0.3982534408569336,True,,,False
676,1.56640625,1.5712890625,1.56884765625,-4.8828125,True,0.09861331034047767,0.4903900623321533,True,,,False
677,1.552734375,1.625,1.5888671875,-72.265625,True,1.4595446108366377,0.4037458896636963,True,,,False
678,1.5625,1.6630859375,1.61279296875,-100.5859375,True,2.031604409247832,0.3908059597015381,True,,,False
679,1.5947265625,1.59375,1.59423828125,0.9765625,True,0.019723102137127222,0.4050929546356201,True,,,False
680,1.513671875,1.5341796875,1.52392578125,-20.5078125,True,0.4142080840152961,0.38518333435058594,True,,,False
681,1.6318359375,1.62109375,1.62646484375,10.7421875,True,0.2169688209447875,0.38789820671081543,True,,,False
682,1.5419921875,1.578125,1.56005859375,-36.1328125,True,0.7297772562298728,0.39774560928344727,True,,,False
683,1.6484375,1.630859375,1.6396484375,17.578125,True,0.35501627362357246,0.38784003257751465,True,,,False
684,1.5625,1.5751953125,1.56884765625,-12.6953125,True,0.2564165471859791,0.38889455795288086,True,,,False
685,1.5390625,1.5595703125,1.54931640625,-20.5078125,True,0.4142190067956692,0.400606632232666,True,,,False
686,1.537109375,1.5625,1.5498046875,-25.390625,True,0.512832413658069,0.3891737461090088,True,,,False
687,1.626953125,1.6142578125,1.62060546875,12.6953125,True,0.2564109399843873,0.3866899013519287,True,,,False
688,1.5859375,1.5810546875,1.58349609375,4.8828125,True,0.09861987330698134,0.3857300281524658,True,,,False
689,1.6083984375,1.603515625,1.60595703125,4.8828125,True,0.09862262638470164,0.39248204231262207,True,,,False
690,1.6044921875,1.548828125,1.57666015625,55.6640625,True,1.1242385625183302,0.38811635971069336,True,,,False
691,1.6279296875,1.5888671875,1.6083984375,39.0625,True,0.7889031530515949,0.3857152462005615,True,,,False
692,1.5458984375,1.5703125,1.55810546875,-24.4140625,True,0.49309362422691744,0.39856648445129395,True,,,False
693,1.515625,1.6123046875,1.56396484375,-96.6796875,True,1.9527021715555153,0.3874809741973877,True,,,False
694,1.5634765625,1.5986328125,1.5810546875,-35.15625,True,0.7100984986397917,0.3862884044647217,True,,,False
695,1.578125,1.591796875,1.5849609375,-13.671875,True,0.2761622059820184,0.3862578868865967,True,,,False
696,1.59765625,1.6015625,1.599609375,-3.90625,True,0.07889636116049838,0.4006686210632324,True,,,False
697,1.4443359375,1.52734375,1.48583984375,-83.0078125,True,1.6765011587318643,0.38766050338745117,True,,,False
698,1.58203125,1.5927734375,1.58740234375,-10.7421875,True,0.21696907395065365,0.3867824077606201,True,,,False
699,1.6171875,1.6474609375,1.63232421875,-30.2734375,True,0.611479808463041,0.39481544494628906,True,,,False
700,1.517578125,1.5625,1.5400390625,-44.921875,True,0.9073626718068822,0.38498663902282715,True,,,False
701,1.5673828125,1.5859375,1.57666015625,-18.5546875,True,0.3747721641615425,0.5404095649719238,True,,,False
702,1.57421875,1.5439453125,1.55908203125,30.2734375,True,0.6114613257552315,0.3924436569213867,True,,,False
703,1.5625,1.5498046875,1.55615234375,12.6953125,True,0.2564212304312179,0.38852906227111816,True,,,False
704,1.583984375,1.6640625,1.6240234375,-80.078125,True,1.6173426841725445,0.38629913330078125,True,,,False
705,1.544921875,1.5576171875,1.55126953125,-12.6953125,True,0.2564282418582721,0.3967275619506836,True,,,False
706,1.5732421875,1.59765625,1.58544921875,-24.4140625,True,0.4931103810761458,0.38901662826538086,True,,,False
707,1.544921875,1.521484375,1.533203125,23.4375,True,0.4733558580724184,0.3904385566711426,True,,,False
708,1.54296875,1.548828125,1.5458984375,-5.859375,True,0.11834626013214215,0.3940391540527344,True,,,False
709,1.5908203125,1.5732421875,1.58203125,17.578125,True,0.35502050351972425,0.39211010932922363,True,,,False
710,1.603515625,1.5986328125,1.60107421875,4.8828125,True,0.09861840216773154,0.38602352142333984,True,,,False
711,1.55078125,1.6025390625,1.57666015625,-51.7578125,True,1.04542166692163,0.38863348960876465,True,,,False
712,1.552734375,1.580078125,1.56640625,-27.34375,True,0.5522824985334325,0.39388012886047363,True,,,False
713,1.515625,1.52734375,1.521484375,-11.71875,True,0.23669551153888432,0.38747239112854004,True,,,False
714,1.5244140625,1.55078125,1.53759765625,-26.3671875,True,0.5325857699158377,0.38721513748168945,True,,,False
715,1.5673828125,1.6142578125,1.5908203125,-46.875,True,0.9467804223220543,0.3983139991760254,True,,,False
716,1.5751953125,1.6123046875,1.59375,-37.109375,True,0.7495042759456114,0.3834965229034424,True,,,False
717,1.634765625,1.625,1.6298828125,9.765625,True,0.1972432284526568,0.3870577812194824,True,,,False
718,1.5546875,1.5517578125,1.55322265625,2.9296875,True,0.059173705117224175,0.39547228813171387,True,,,False
719,1.572265625,1.5439453125,1.55810546875,28.3203125,True,0.5719976678800199,0.3876969814300537,True,,,False
720,1.60546875,1.6396484375,1.62255859375,-34.1796875,True,0.6903191515107495,0.38533568382263184,True,,,False
721,1.65625,1.615234375,1.6357421875,41.015625,True,0.8284348389223929,0.38643336296081543,True,,,False
722,1.537109375,1.5517578125,1.54443359375,-14.6484375,True,0.2958731357830101,0.3917725086212158,True,,,False
723,1.5751953125,1.576171875,1.57568359375,-0.9765625,True,0.019723530639657157,0.3902559280395508,True,,,False
724,1.60546875,1.5703125,1.587890625,35.15625,True,0.7100623977807667,0.3866844177246094,True,,,False
725,1.6025390625,1.5869140625,1.5947265625,15.625,True,0.3155876753984527,0.40412259101867676,True,,,False
726,1.595703125,1.5673828125,1.58154296875,28.3203125,True,0.572021953876631,0.3718230724334717,True,,,False
727,1.6328125,1.5556640625,1.59423828125,77.1484375,True,1.5583097986799523,0.38682103157043457,True,,,False
728,1.55859375,1.6171875,1.587890625,-58.59375,True,1.1834467435081257,0.39300107955932617,True,,,False
729,1.5625,1.5439453125,1.55322265625,18.5546875,True,0.37476647361570403,0.3894650936126709,True,,,False
730,1.541015625,1.5595703125,1.55029296875,-18.5546875,True,0.3747535326371206,0.3868083953857422,True,,,False
731,1.5576171875,1.5400390625,1.548828125,17.578125,True,0.3550599581212758,0.38610243797302246,True,,,False
732,1.521484375,1.5234375,1.5224609375,-1.953125,True,0.03945076240637933,0.3918030261993408,True,,,False
733,1.6142578125,1.6220703125,1.6181640625,-7.8125,True,0.1577844220402614,0.387681245803833,True,,,False
734,1.611328125,1.58984375,1.6005859375,21.484375,True,0.433931315173669,0.3891761302947998,True,,,False
735,1.5341796875,1.5830078125,1.55859375,-48.828125,True,0.9861532378539419,0.39649152755737305,True,,,False
736,1.6279296875,1.5888671875,1.6083984375,39.0625,True,0.7889800416596218,0.3857567310333252,True,,,False
737,1.5693359375,1.5732421875,1.5712890625,-3.90625,True,0.07889361897133886,0.3881349563598633,True,,,False
738,1.576171875,1.5830078125,1.57958984375,-6.8359375,True,0.13806789075228193,0.40358996391296387,True,,,False
739,1.599609375,1.55859375,1.5791015625,41.015625,True,0.8283899901718595,0.39011669158935547,True,,,False
740,1.5947265625,1.5244140625,1.5595703125,70.3125,True,1.420164293867976,0.3856971263885498,True,,,False
741,1.5419921875,1.4501953125,1.49609375,91.796875,True,1.854114938358769,0.3943514823913574,True,,,False
742,1.5732421875,1.599609375,1.58642578125,-26.3671875,True,0.5325535680677153,0.3942902088165283,True,,,False
743,1.6005859375,1.5849609375,1.5927734375,15.625,True,0.31558895565357226,0.39095568656921387,True,,,False
744,1.568359375,1.5693359375,1.56884765625,-0.9765625,True,0.019724345926659198,0.3866913318634033,True,,,False
745,1.4736328125,1.5341796875,1.50390625,-60.546875,True,1.2229439969391998,0.39031481742858887,True,,,False
746,1.52734375,1.53515625,1.53125,-7.8125,True,0.15779785225928564,0.3870658874511719,True,,,False
747,1.6005859375,1.6044921875,1.6025390625,-3.90625,True,0.07889395473735558,0.3865082263946533,True,,,False
748,1.564453125,1.576171875,1.5703125,-11.71875,True,0.23669292655447946,0.39394307136535645,True,,,False
749,1.587890625,1.5859375,1.5869140625,1.953125,True,0.039449822231789944,0.38803625106811523,True,,,False
750,1.5634765625,1.5751953125,1.5693359375,-11.71875,True,0.2366826646279119,0.3870258331298828,True,,,False
751,1.54296875,1.53515625,1.5390625,7.8125,True,0.15779434964930705,0.3875267505645752,True,,,False
752,1.5478515625,1.5439453125,1.5458984375,3.90625,True,0.07889242637131497,0.39244937896728516,True,,,False
753,1.509765625,1.5537109375,1.53173828125,-43.9453125,True,0.8875812020329846,0.38709163665771484,True,,,False
754,1.5791015625,1.548828125,1.56396484375,30.2734375,True,0.6114540770878968,0.38558006286621094,True,,,False
755,1.6005859375,1.5361328125,1.568359375,64.453125,True,1.3017266664436318,0.4119443893432617,True,,,False
756,1.595703125,1.654296875,1.625,-58.59375,True,1.1834660276969864,0.3868279457092285,True,,,False
757,1.63671875,1.6064453125,1.62158203125,30.2734375,True,0.6114676588062452,0.38907504081726074,True,,,False
758,1.646484375,1.6474609375,1.64697265625,-0.9765625,True,0.019724484787954674,0.3967111110687256,True,,,False
759,1.5556640625,1.54296875,1.54931640625,12.6953125,True,0.256423517277706,0.39032840728759766,True,,,False
760,1.556640625,1.57421875,1.5654296875,-17.578125,True,0.3550445846085422,0.39145922660827637,True,,,False
761,1.578125,1.5341796875,1.55615234375,43.9453125,True,0.8875919412876926,0.4941825866699219,True,,,False
762,1.5283203125,1.5576171875,1.54296875,-29.296875,True,0.5917386602636177,0.4015054702758789,True,,,False
763,1.5390625,1.5625,1.55078125,-23.4375,True,0.4733838025393769,0.38852667808532715,True,,,False
764,1.5146484375,1.578125,1.54638671875,-63.4765625,True,1.2820396116368278,0.38735127449035645,True,,,False
765,1.51171875,1.5322265625,1.52197265625,-20.5078125,True,0.4142209078858928,0.39669156074523926,True,,,False
766,1.572265625,1.587890625,1.580078125,-15.625,True,0.31558868311190075,0.391512393951416,True,,,False
767,1.5791015625,1.53125,1.55517578125,47.8515625,True,0.9664862947796866,0.393512487411499,True,,,False
768,1.6220703125,1.623046875,1.62255859375,-0.9765625,True,0.019724815140906772,0.3962063789367676,True,,,False
769,1.5615234375,1.642578125,1.60205078125,-81.0546875,True,1.6370585364518826,0.38976502418518066,True,,,False
770,1.666015625,1.6171875,1.6416015625,48.828125,True,0.9862067221801348,0.3867917060852051,True,,,False
771,1.5302734375,1.548828125,1.53955078125,-18.5546875,True,0.374750974906157,0.39217615127563477,True,,,False
772,1.6357421875,1.6298828125,1.6328125,5.859375,True,0.1183420949967849,0.39152979850769043,True,,,False
773,1.6630859375,1.6220703125,1.642578125,41.015625,True,0.8283984020837328,0.3885200023651123,True,,,False
774,1.6328125,1.638671875,1.6357421875,-5.859375,True,0.11835272383300424,0.38603734970092773,True,,,False
775,1.630859375,1.5986328125,1.61474609375,32.2265625,True,0.6508706967443277,0.40285420417785645,True,,,False
776,1.5966796875,1.5751953125,1.5859375,21.484375,True,0.43392294581945773,0.38820958137512207,True,,,False
777,1.6181640625,1.6279296875,1.623046875,-9.765625,True,0.19723967946176574,0.3875277042388916,True,,,False
778,1.5830078125,1.630859375,1.60693359375,-47.8515625,True,0.9664959505873216,0.39562320709228516,True,,,False
779,1.6259765625,1.6220703125,1.6240234375,3.90625,True,0.07889583670221641,0.387711763381958,True,,,False
780,1.615234375,1.6201171875,1.61767578125,-4.8828125,True,0.09862216313986663,0.38951659202575684,True,,,False
781,1.5205078125,1.537109375,1.52880859375,-16.6015625,True,0.3353026765905526,0.38761091232299805,True,,,False
782,1.6494140625,1.5537109375,1.6015625,95.703125,True,1.9330305437651536,0.39279818534851074,True,,,False
783,1.53515625,1.5205078125,1.52783203125,14.6484375,True,0.2958599051084765,0.38646888732910156,True,,,False
784,1.6103515625,1.623046875,1.61669921875,-12.6953125,True,0.25640986457562726,0.38625216484069824,True,,,False
785,1.5078125,1.498046875,1.5029296875,9.765625,True,0.19722728136373277,0.4026920795440674,True,,,False
786,1.5751953125,1.544921875,1.56005859375,30.2734375,True,0.6114383627819695,0.3873255252838135,True,,,False
787,1.6337890625,1.6064453125,1.6201171875,27.34375,True,0.5523048337961557,0.38844919204711914,True,,,False
788,1.6005859375,1.5361328125,1.568359375,64.453125,True,1.301788443044188,0.38602566719055176,True,,,False
789,1.6572265625,1.6455078125,1.6513671875,11.71875,True,0.2366861386634222,0.39488911628723145,True,,,False
790,1.53515625,1.5693359375,1.55224609375,-34.1796875,True,0.6903162710926717,0.38867974281311035,True,,,False
791,1.58984375,1.5390625,1.564453125,50.78125,True,1.0256497939212927,0.387744665145874,True,,,False
792,1.59765625,1.5625,1.580078125,35.15625,True,0.7100807914561871,0.39261960983276367,True,,,False
793,1.6005859375,1.7119140625,1.65625,-111.328125,True,2.2486421485610375,0.3858375549316406,True,,,False
794,1.580078125,1.5615234375,1.57080078125,18.5546875,True,0.3747687890137446,0.3868217468261719,True,,,False
795,1.6162109375,1.6337890625,1.625,-17.578125,True,0.3550369016126428,0.3961174488067627,True,,,False
796,1.6123046875,1.6005859375,1.6064453125,11.71875,True,0.23668507415333118,0.3860960006713867,True,,,False
797,1.5078125,1.5244140625,1.51611328125,-16.6015625,True,0.33531904042735045,0.3877542018890381,True,,,False
798,1.576171875,1.5810546875,1.57861328125,-4.8828125,True,0.09862116587376343,0.38819456100463867,True,,,False
799,1.556640625,1.5390625,1.5478515625,17.578125,True,0.355028652266402,0.39747071266174316,True,,,False
800,1.6328125,1.6279296875,1.63037109375,4.8828125,True,0.09862369964682065,0.38693809509277344,True,,,False
801,1.4833984375,1.4814453125,1.482421875,1.953125,True,0.03944548563062217,0.5427901744842529,True,,,False
802,1.548828125,1.578125,1.5634765625,-29.296875,True,0.5917315652725411,0.47410106658935547,True,,,False
803,1.4599609375,1.513671875,1.48681640625,-53.7109375,True,1.084875311004504,0.3864431381225586,True,,,False
804,1.5654296875,1.5224609375,1.5439453125,42.96875,True,0.8678503092889548,0.3885073661804199,True,,,False
805,1.4951171875,1.53515625,1.51513671875,-40.0390625,True,0.8086858219870237,0.4032325744628906,True,,,False
806,1.5615234375,1.552734375,1.55712890625,8.7890625,True,0.17751560187482535,0.3879551887512207,True,,,False
807,1.55078125,1.62890625,1.58984375,-78.125,True,1.5779203116939484,0.3858358860015869,True,,,False
808,1.54296875,1.5791015625,1.56103515625,-36.1328125,True,0.7297409232581427,0.39767909049987793,True,,,False
809,1.53125,1.53515625,1.533203125,-3.90625,True,0.07889754202468785,0.3911454677581787,True,,,False
810,1.5341796875,1.5146484375,1.5244140625,19.53125,True,0.3944858107660429,0.3866138458251953,True,,,False
811,1.580078125,1.568359375,1.57421875,11.71875,True,0.23668502542017877,0.3876368999481201,True,,,False
812,1.53515625,1.5576171875,1.54638671875,-22.4609375,True,0.4536608018381356,0.4052269458770752,True,,,False
813,1.5732421875,1.6005859375,1.5869140625,-27.34375,True,0.5522872092277601,0.3865482807159424,True,,,False
814,1.65625,1.6396484375,1.64794921875,16.6015625,True,0.33530393025597616,0.386960506439209,True,,,False
815,1.556640625,1.537109375,1.546875,19.53125,True,0.39447697752103317,0.4021003246307373,True,,,False
816,1.591796875,1.5859375,1.5888671875,5.859375,True,0.11834510637596095,0.38730311393737793,True,,,False
817,1.6201171875,1.5947265625,1.607421875,25.390625,True,0.512857505943174,0.3867835998535156,True,,,False
818,1.4765625,1.5078125,1.4921875,-31.25,True,0.6311607653691489,0.3980076313018799,True,,,False
819,1.55859375,1.55078125,1.5546875,7.8125,True,0.15778921244567332,0.3846457004547119,True,,,False
820,1.51953125,1.458984375,1.4892578125,60.546875,True,1.2229184585146797,0.3867347240447998,True,,,False
821,1.546875,1.5380859375,1.54248046875,8.7890625,True,0.1775221055602986,0.3887367248535156,True,,,False
822,1.6572265625,1.6162109375,1.63671875,41.015625,True,0.8283786806455271,0.39423513412475586,True,,,False
823,1.5419921875,1.486328125,1.51416015625,55.6640625,True,1.1243178447156623,0.3856163024902344,True,,,False
824,1.5615234375,1.5615234375,1.5615234375,0.0,True,0.0,0.38619232177734375,True,,,False
825,1.49609375,1.4990234375,1.49755859375,-2.9296875,True,0.05917143783770136,0.39098262786865234,True,,,False
826,1.5654296875,1.6025390625,1.583984375,-37.109375,True,0.7495162431189507,0.3878331184387207,True,,,False
827,1.5703125,1.583984375,1.5771484375,-13.671875,True,0.2761193847118112,0.3871779441833496,True,,,False
828,1.5029296875,1.5068359375,1.5048828125,-3.90625,True,0.07889546481905389,0.395099401473999,True,,,False
829,1.5478515625,1.55078125,1.54931640625,-2.9296875,True,0.05916979976854092,0.3885684013366699,True,,,False
830,1.517578125,1.5302734375,1.52392578125,-12.6953125,True,0.2564184040374846,0.3887202739715576,True,,,False
831,1.705078125,1.611328125,1.658203125,93.75,True,1.8935699220457092,0.3881092071533203,True,,,False
832,1.6396484375,1.638671875,1.63916015625,0.9765625,True,0.01972455159221609,0.39825987815856934,True,,,False
833,1.607421875,1.607421875,1.607421875,0.0,True,0.0,0.39029979705810547,True,,,False
834,1.646484375,1.6474609375,1.64697265625,-0.9765625,True,0.019724581038963157,0.3898937702178955,True,,,False
835,1.611328125,1.611328125,1.611328125,0.0,True,0.0,0.3971271514892578,True,,,False
836,1.5029296875,1.546875,1.52490234375,-43.9453125,True,0.8875754460314409,0.39048194885253906,True,,,False
837,1.5458984375,1.572265625,1.55908203125,-26.3671875,True,0.5325583027499908,0.3877265453338623,True,,,False
838,1.6162109375,1.64453125,1.63037109375,-28.3203125,True,0.571968760257018,0.3935701847076416,True,,,False
839,1.5634765625,1.58203125,1.57275390625,-18.5546875,True,0.3747520546249221,0.3883185386657715,True,,,False
840,1.6376953125,1.6396484375,1.638671875,-1.953125,True,0.03944826586179535,0.3871273994445801,True,,,False
841,1.501953125,1.49609375,1.4990234375,5.859375,True,0.11834577773071746,0.387286901473999,True,,,False
842,1.658203125,1.728515625,1.693359375,-70.3125,True,1.4200985688763454,0.3939478397369385,True,,,False
843,1.5810546875,1.5810546875,1.5810546875,0.0,True,0.0,0.4803307056427002,True,,,False
844,1.59765625,1.5302734375,1.56396484375,67.3828125,True,1.3609217719662559,0.385883092880249,True,,,False
845,1.611328125,1.6728515625,1.64208984375,-61.5234375,True,1.2426185178754605,0.4098803997039795,True,,,False
846,1.640625,1.68359375,1.662109375,-42.96875,True,0.8678859194318691,0.3862907886505127,True,,,False
847,1.376953125,1.6416015625,1.50927734375,-264.6484375,True,5.344554043676173,0.37084507942199707,True,,,False
848,1.6044921875,1.591796875,1.59814453125,12.6953125,True,0.2564121872011052,0.39505767822265625,True,,,False
849,1.6142578125,1.64453125,1.62939453125,-30.2734375,True,0.6114700955875627,0.39380359649658203,True,,,False
850,1.5146484375,1.5302734375,1.5224609375,-15.625,True,0.3155906705254639,0.38677263259887695,True,,,False
851,1.580078125,1.521484375,1.55078125,58.59375,True,1.183501279381317,0.3943912982940674,True,,,False
852,1.5732421875,1.6162109375,1.5947265625,-42.96875,True,0.8678511118792136,0.397946834564209,True,,,False
853,1.537109375,1.5546875,1.5458984375,-17.578125,True,0.3550085563543139,0.3870518207550049,True,,,False
854,1.537109375,1.5537109375,1.54541015625,-16.6015625,True,0.3353194874163232,0.387620210647583,True,,,False
855,1.5712890625,1.5712890625,1.5712890625,0.0,True,0.0,0.39559078216552734,True,,,False
856,1.6044921875,1.6025390625,1.603515625,1.953125,True,0.03944669496931926,0.3876664638519287,True,,,False
857,1.5322265625,1.5068359375,1.51953125,25.390625,True,0.5128198896629819,0.38804125785827637,True,,,False
858,1.6328125,1.6298828125,1.63134765625,2.9296875,True,0.05917083356242432,0.39354681968688965,True,,,False
859,1.626953125,1.625,1.6259765625,1.953125,True,0.0394506553381209,0.38742899894714355,True,,,False
860,1.5927734375,1.5830078125,1.587890625,9.765625,True,0.19725207759198157,0.3902742862701416,True,,,False
861,1.6181640625,1.626953125,1.62255859375,-8.7890625,True,0.17753625259516542,0.38494086265563965,True,,,False
862,1.5751953125,1.55859375,1.56689453125,16.6015625,True,0.3353171970921388,0.39638304710388184,True,,,False
863,1.576171875,1.5751953125,1.57568359375,0.9765625,True,0.01972480986396572,0.38822460174560547,True,,,False
864,1.6162109375,1.6455078125,1.630859375,-29.296875,True,0.5917090109730684,0.3859250545501709,True,,,False
865,1.5634765625,1.537109375,1.55029296875,26.3671875,True,0.5325402571456818,0.3956313133239746,True,,,False
866,1.5849609375,1.5673828125,1.576171875,17.578125,True,0.355025940076196,0.38750219345092773,True,,,False
867,1.5615234375,1.55078125,1.55615234375,10.7421875,True,0.21695492147579193,0.3872542381286621,True,,,False
868,1.556640625,1.5888671875,1.57275390625,-32.2265625,True,0.6509117545462062,0.3921976089477539,True,,,False
869,1.5654296875,1.568359375,1.56689453125,-2.9296875,True,0.05917339711911187,0.3894326686859131,True,,,False
870,1.6240234375,1.5419921875,1.5830078125,82.03125,True,1.6568728092820875,0.38767051696777344,True,,,False
871,1.5751953125,1.576171875,1.57568359375,-0.9765625,True,0.01972309239097531,0.38851308822631836,True,,,False
872,1.4921875,1.4755859375,1.48388671875,16.6015625,True,0.3353114775258566,0.3921642303466797,True,,,False
873,1.5888671875,1.572265625,1.58056640625,16.6015625,True,0.3353064391177925,0.38518261909484863,True,,,False
874,1.548828125,1.5771484375,1.56298828125,-28.3203125,True,0.5719554607998238,0.3869903087615967,True,,,False
875,1.5048828125,1.5400390625,1.5224609375,-35.15625,True,0.7100626027174496,0.42496490478515625,True,,,False
876,1.490234375,1.5244140625,1.50732421875,-34.1796875,True,0.6903596186286733,0.3869287967681885,True,,,False
877,1.642578125,1.6494140625,1.64599609375,-6.8359375,True,0.13807050009159175,0.38701581954956055,True,,,False
878,1.65625,1.5380859375,1.59716796875,118.1640625,True,2.386586898572536,0.39366626739501953,True,,,False
879,1.52734375,1.599609375,1.5634765625,-72.265625,True,1.4595440302732787,0.39307475090026855,True,,,False
880,1.6328125,1.5771484375,1.60498046875,55.6640625,True,1.1243247483435244,0.38729143142700195,True,,,False
881,1.5830078125,1.5732421875,1.578125,9.765625,True,0.19723855188912984,0.3874688148498535,True,,,False
882,1.6015625,1.59765625,1.599609375,3.90625,True,0.07890036107588619,0.3980133533477783,True,,,False
883,1.5888671875,1.5966796875,1.5927734375,-7.8125,True,0.15778930923922654,0.3858063220977783,True,,,False
884,1.5478515625,1.5576171875,1.552734375,-9.765625,True,0.1972393512303083,0.3860507011413574,True,,,False
885,1.5888671875,1.5634765625,1.576171875,25.390625,True,0.5128576030790174,0.38847780227661133,True,,,False
886,1.6328125,1.623046875,1.6279296875,9.765625,True,0.1972288529434154,0.3956928253173828,True,,,False
887,1.5322265625,1.546875,1.53955078125,-14.6484375,True,0.29588253336192105,0.3871948719024658,True,,,False
888,1.5986328125,1.583984375,1.59130859375,14.6484375,True,0.2958708541946429,0.38809728622436523,True,,,False
889,1.494140625,1.5673828125,1.53076171875,-73.2421875,True,1.4792601861157526,0.39498329162597656,True,,,False
890,1.599609375,1.626953125,1.61328125,-27.34375,True,0.5522750824528115,0.38522863388061523,True,,,False
891,1.5927734375,1.5732421875,1.5830078125,19.53125,True,0.3944722610763614,0.38573479652404785,True,,,False
892,1.5673828125,1.556640625,1.56201171875,10.7421875,True,0.21696481320861902,0.4021272659301758,True,,,False
893,1.5380859375,1.5322265625,1.53515625,5.859375,True,0.11834039294975442,0.38756728172302246,True,,,False
894,1.6240234375,1.65625,1.64013671875,-32.2265625,True,0.6509136877779027,0.38732242584228516,True,,,False
895,1.5712890625,1.54296875,1.55712890625,28.3203125,True,0.5719923648497065,0.3859241008758545,True,,,False
896,1.5791015625,1.568359375,1.57373046875,10.7421875,True,0.21696757048200907,0.3989555835723877,True,,,False
897,1.552734375,1.5791015625,1.56591796875,-26.3671875,True,0.5325446397771506,0.385833740234375,True,,,False
898,1.578125,1.5751953125,1.57666015625,2.9296875,True,0.05917078355239559,0.3870863914489746,True,,,False
899,1.5087890625,1.5810546875,1.544921875,-72.265625,True,1.4595308888730665,0.4033975601196289,True,,,False
900,1.5595703125,1.57421875,1.56689453125,-14.6484375,True,0.2958611219733124,0.3926541805267334,True,,,False
901,1.6220703125,1.634765625,1.62841796875,-12.6953125,True,0.25639342026543893,0.5549743175506592,True,,,False
902,1.611328125,1.6298828125,1.62060546875,-18.5546875,True,0.3747533542937536,0.39199376106262207,True,,,False
903,1.544921875,1.546875,1.5458984375,-1.953125,True,0.03944699497713406,0.38704824447631836,True,,,False
904,1.6083984375,1.62890625,1.61865234375,-20.5078125,True,0.41421661866067816,0.3876972198486328,True,,,False
905,1.5439453125,1.6171875,1.58056640625,-73.2421875,True,1.4793240304122302,0.39749956130981445,True,,,False
906,1.5439453125,1.5595703125,1.5517578125,-15.625,True,0.3155883952018226,0.3887596130371094,True,,,False
907,1.6142578125,1.646484375,1.63037109375,-32.2265625,True,0.6509059986197914,0.39242100715637207,True,,,False
908,1.548828125,1.5380859375,1.54345703125,10.7421875,True,0.21696693805133563,0.3862295150756836,True,,,False
909,1.5712890625,1.5810546875,1.576171875,-9.765625,True,0.19724401877795142,0.4014270305633545,True,,,False
910,1.5068359375,1.486328125,1.49658203125,20.5078125,True,0.41421743500325536,0.3885495662689209,True,,,False
911,1.5078125,1.5,1.50390625,7.8125,True,0.15779838882261213,0.38636207580566406,True,,,False
912,1.611328125,1.6064453125,1.60888671875,4.8828125,True,0.09862093860240281,0.39767932891845703,True,,,False
913,1.568359375,1.5556640625,1.56201171875,12.6953125,True,0.25640032346842667,0.38579511642456055,True,,,False
914,1.5859375,1.5556640625,1.57080078125,30.2734375,True,0.6114413235904491,0.3864281177520752,True,,,False
915,1.58984375,1.583984375,1.5869140625,5.859375,True,0.11834344011699854,0.3870277404785156,True,,,False
916,1.646484375,1.60546875,1.6259765625,41.015625,True,0.8284020038976071,0.39341259002685547,True,,,False
917,1.6064453125,1.5927734375,1.599609375,13.671875,True,0.27612242796499065,0.38939642906188965,True,,,False
918,1.564453125,1.572265625,1.568359375,-7.8125,True,0.15779014063287505,0.38700342178344727,True,,,False
919,1.5810546875,1.59375,1.58740234375,-12.6953125,True,0.25641653913323453,0.40375304222106934,True,,,False
920,1.5849609375,1.6171875,1.60107421875,-32.2265625,True,0.6509133428290287,0.3867461681365967,True,,,False
921,1.595703125,1.6142578125,1.60498046875,-18.5546875,True,0.3747321095688017,0.38626718521118164,True,,,False
922,1.5478515625,1.5380859375,1.54296875,9.765625,True,0.1972479990405452,0.3973524570465088,True,,,False
923,1.5546875,1.5615234375,1.55810546875,-6.8359375,True,0.1380680299408497,0.38797760009765625,True,,,False
924,1.5615234375,1.568359375,1.56494140625,-6.8359375,True,0.13806992782563154,0.38742804527282715,True,,,False
925,1.591796875,1.611328125,1.6015625,-19.53125,True,0.3944652539481359,0.38864707946777344,True,,,False
926,1.54296875,1.544921875,1.5439453125,-1.953125,True,0.03944889174464005,0.3997323513031006,True,,,False
927,1.6005859375,1.5849609375,1.5927734375,15.625,True,0.3155873898733779,0.39125609397888184,True,,,False
928,1.5126953125,1.5078125,1.51025390625,4.8828125,True,0.09862122129526489,0.4857747554779053,True,,,False
929,1.544921875,1.580078125,1.5625,-35.15625,True,0.7100937728454318,0.4046638011932373,True,,,False
930,1.544921875,1.4765625,1.5107421875,68.359375,True,1.3806721163478521,0.38614892959594727,True,,,False
931,1.587890625,1.5859375,1.5869140625,1.953125,True,0.03945110743701833,0.38985276222229004,True,,,False
932,1.62890625,1.6513671875,1.64013671875,-22.4609375,True,0.4536531324233741,0.4038822650909424,True,,,False
933,1.591796875,1.6044921875,1.59814453125,-12.6953125,True,0.25641839424969104,0.3894059658050537,True,,,False
934,1.548828125,1.5869140625,1.56787109375,-38.0859375,True,0.7692166725322264,0.39118528366088867,True,,,False
935,1.58984375,1.5732421875,1.58154296875,16.6015625,True,0.3353277953111366,0.4024319648742676,True,,,False
936,1.537109375,1.5615234375,1.54931640625,-24.4140625,True,0.49310739711965706,0.38831114768981934,True,,,False
937,1.5693359375,1.599609375,1.58447265625,-30.2734375,True,0.6114242681427552,0.3881819248199463,True,,,False
938,1.525390625,1.513671875,1.51953125,11.71875,True,0.23668900927611589,0.3884427547454834,True,,,False
939,1.505859375,1.50390625,1.5048828125,1.953125,True,0.03944918608627421,0.39520907402038574,True,,,False
940,1.6435546875,1.640625,1.64208984375,2.9296875,True,0.059171428653113194,0.3878355026245117,True,,,False
941,1.5771484375,1.576171875,1.57666015625,0.9765625,True,0.019722784506004887,0.3876674175262451,True,,,False
942,1.59765625,1.58984375,1.59375,7.8125,True,0.1577960188813463,0.39458370208740234,True,,,False
943,1.546875,1.5302734375,1.53857421875,16.6015625,True,0.33530551200431313,0.3864293098449707,True,,,False
944,1.59375,1.630859375,1.6123046875,-37.109375,True,0.7494692672484468,0.3874640464782715,True,,,False
945,1.537109375,1.60546875,1.5712890625,-68.359375,True,1.3807010044534953,0.4015967845916748,True,,,False
946,1.48046875,1.5712890625,1.52587890625,-90.8203125,True,1.834393738285422,0.3862905502319336,True,,,False
947,1.5810546875,1.6005859375,1.5908203125,-19.53125,True,0.3944983426144358,0.3896019458770752,True,,,False
948,1.4765625,1.51953125,1.498046875,-42.96875,True,0.8678496368928607,0.38642263412475586,True,,,False
949,1.5625,1.560546875,1.5615234375,1.953125,True,0.039448269318425724,0.3923306465148926,True,,,False
950,1.6904296875,1.6494140625,1.669921875,41.015625,True,0.8283749210327571,0.3871290683746338,True,,,False
951,1.5322265625,1.5625,1.54736328125,-30.2734375,True,0.6114203484771826,0.3882312774658203,True,,,False
952,1.6123046875,1.61328125,1.61279296875,-0.9765625,True,0.019724160088209677,0.393784761428833,True,,,False
953,1.5634765625,1.564453125,1.56396484375,-0.9765625,True,0.01972516844435509,0.38662195205688477,True,,,False
954,1.5791015625,1.6005859375,1.58984375,-21.484375,True,0.43392021586897145,0.3853750228881836,True,,,False
955,1.5458984375,1.548828125,1.54736328125,-2.9296875,True,0.05917140759484324,0.3950798511505127,True,,,False
956,1.498046875,1.498046875,1.498046875,0.0,True,0.0,0.39317750930786133,True,,,False
957,1.5771484375,1.6015625,1.58935546875,-24.4140625,True,0.4931164943300489,0.38879919052124023,True,,,False
958,1.60546875,1.6083984375,1.60693359375,-2.9296875,True,0.05917138377846708,0.3868725299835205,True,,,False
959,1.5546875,1.5537109375,1.55419921875,0.9765625,True,0.019723225815542523,0.39552974700927734,True,,,False
960,1.5556640625,1.5078125,1.53173828125,47.8515625,True,0.9665039981345159,0.4044320583343506,True,,,False
961,1.5830078125,1.5693359375,1.576171875,13.671875,True,0.2761216040274102,0.3883376121520996,True,,,False
962,1.599609375,1.607421875,1.603515625,-7.8125,True,0.15778611215246846,0.39000678062438965,True,,,False
963,1.62109375,1.58984375,1.60546875,31.25,True,0.6311575461776329,0.3889932632446289,True,,,False
964,1.5322265625,1.5068359375,1.51953125,25.390625,True,0.512808712229426,0.3865780830383301,True,,,False
965,1.6796875,1.6162109375,1.64794921875,63.4765625,True,1.2820348279701652,0.3910517692565918,True,,,False
966,1.5673828125,1.5732421875,1.5703125,-5.859375,True,0.11834812373911645,0.38640642166137695,True,,,False
967,1.5146484375,1.5400390625,1.52734375,-25.390625,True,0.5128257132269709,0.388124942779541,True,,,False
968,1.6669921875,1.6904296875,1.6787109375,-23.4375,True,0.47334174133578916,0.3704040050506592,True,,,False
969,1.560546875,1.537109375,1.548828125,23.4375,True,0.47336136970588444,0.3927581310272217,True,,,False
970,1.587890625,1.5927734375,1.59033203125,-4.8828125,True,0.09862225105082205,0.38679003715515137,True,,,False
971,1.572265625,1.5947265625,1.58349609375,-22.4609375,True,0.45366754657292596,0.38757967948913574,True,,,False
972,1.5751953125,1.5537109375,1.564453125,21.484375,True,0.4339147370818677,0.3947336673736572,True,,,False
973,1.5546875,1.5498046875,1.55224609375,4.8828125,True,0.09862401629163682,0.38726091384887695,True,,,False
974,1.595703125,1.5703125,1.5830078125,25.390625,True,0.5128571216968997,0.38732242584228516,True,,,False
975,1.5517578125,1.5517578125,1.5517578125,0.0,True,0.0,0.3886406421661377,True,,,False
976,1.5751953125,1.5888671875,1.58203125,-13.671875,True,0.2761374904401158,0.39653515815734863,True,,,False
977,1.560546875,1.603515625,1.58203125,-42.96875,True,0.8678760609865496,0.38573312759399414,True,,,False
978,1.5869140625,1.5380859375,1.5625,48.828125,True,0.986173299689116,0.38724446296691895,True,,,False
979,1.5244140625,1.501953125,1.51318359375,22.4609375,True,0.45363936198277455,0.39226865768432617,True,,,False
980,1.6044921875,1.5908203125,1.59765625,13.671875,True,0.27614642368095066,0.38691282272338867,True,,,False
981,1.5693359375,1.5517578125,1.560546875,17.578125,True,0.3550496966681974,0.3870363235473633,True,,,False
982,1.5576171875,1.55859375,1.55810546875,-0.9765625,True,0.01972346104070584,0.39649343490600586,True,,,False
983,1.5859375,1.583984375,1.5849609375,1.953125,True,0.039450971248113,0.385845422744751,True,,,False
984,1.5791015625,1.6103515625,1.5947265625,-31.25,True,0.6311449255005566,0.38681745529174805,True,,,False
985,1.58203125,1.5419921875,1.56201171875,40.0390625,True,0.8086379788075058,0.3879578113555908,True,,,False
986,1.556640625,1.5712890625,1.56396484375,-14.6484375,True,0.29588062652566177,0.3996851444244385,True,,,False
987,1.59375,1.5830078125,1.58837890625,10.7421875,True,0.2169584910433259,0.38619470596313477,True,,,False
988,1.5224609375,1.4912109375,1.5068359375,31.25,True,0.6311197387754467,0.3856520652770996,True,,,False
989,1.609375,1.583984375,1.5966796875,25.390625,True,0.5128443613345599,0.3936190605163574,True,,,False
990,1.5498046875,1.5712890625,1.560546875,-21.484375,True,0.43390378390084844,0.38666343688964844,True,,,False
991,1.62109375,1.5986328125,1.60986328125,22.4609375,True,0.45366401987048316,0.3853170871734619,True,,,False
992,1.53125,1.560546875,1.5458984375,-29.296875,True,0.591698395479178,0.39449381828308105,True,,,False
993,1.603515625,1.59375,1.5986328125,9.765625,True,0.19724241045074353,0.3873939514160156,True,,,False
994,1.6015625,1.55859375,1.580078125,42.96875,True,0.8678681547994972,0.38979578018188477,True,,,False
995,1.52734375,1.533203125,1.5302734375,-5.859375,True,0.11835121314148779,0.3880152702331543,True,,,False
996,1.6396484375,1.607421875,1.62353515625,32.2265625,True,0.6508951757807375,0.394214391708374,True,,,False
997,1.509765625,1.5166015625,1.51318359375,-6.8359375,True,0.13806767421792632,0.38579821586608887,True,,,False
998,1.568359375,1.5732421875,1.57080078125,-4.8828125,True,0.09862330991393828,0.3857123851776123,True,,,False
999,1.54296875,1.494140625,1.5185546875,48.828125,True,0.9862315208542602,0.40485215187072754,True,,,False
1000,1.5625,1.5634765625,1.56298828125,-0.9765625,True,0.01972395028179374,3.1934902667999268,True,1.5716504134953162,0.32786885245901637,False
1001,1.529296875,1.529296875,1.529296875,0.0,True,0.0,0.699831485748291,True,,,False
1002,1.552734375,1.5576171875,1.55517578125,-4.8828125,True,0.09861709641441352,0.4008958339691162,True,,,False
1003,1.5908203125,1.599609375,1.59521484375,-8.7890625,True,0.17752024561971683,0.3836042881011963,True,,,False
1004,1.5751953125,1.525390625,1.55029296875,49.8046875,True,1.005887398265487,0.38440704345703125,True,,,False
1005,1.5185546875,1.5634765625,1.541015625,-44.921875,True,0.9072883317982142,0.38430309295654297,True,,,False
1006,1.56640625,1.5927734375,1.57958984375,-26.3671875,True,0.5325575756183758,0.39133429527282715,True,,,False
1007,1.548828125,1.59765625,1.5732421875,-48.828125,True,0.9862431451341074,0.38425445556640625,True,,,False
1008,1.5498046875,1.548828125,1.54931640625,0.9765625,True,0.019724978600906343,0.38416290283203125,True,,,False
1009,1.5634765625,1.5576171875,1.560546875,5.859375,True,0.1183426107370157,0.38758420944213867,True,,,False
1010,1.6162109375,1.623046875,1.61962890625,-6.8359375,True,0.13807069723100046,0.38886475563049316,True,,,False
1011,1.56640625,1.623046875,1.5947265625,-56.640625,True,1.1439988457375792,0.38384127616882324,True,,,False
1012,1.541015625,1.5322265625,1.53662109375,8.7890625,True,0.1775226635308438,0.3891327381134033,True,,,False
1013,1.5771484375,1.6162109375,1.5966796875,-39.0625,True,0.7889539463061385,0.3832998275756836,True,,,False
1014,1.5224609375,1.5107421875,1.5166015625,11.71875,True,0.23668238552937293,0.38207244873046875,True,,,False
1015,1.53125,1.576171875,1.5537109375,-44.921875,True,0.9073462509341947,0.38183069229125977,True,,,False
1016,1.5703125,1.5634765625,1.56689453125,6.8359375,True,0.13806507841026627,0.3893277645111084,True,,,False
1017,1.60546875,1.59765625,1.6015625,7.8125,True,0.15778630562034762,0.3819143772125244,True,,,False
1018,1.541015625,1.564453125,1.552734375,-23.4375,True,0.4733788586089623,0.38448381423950195,True,,,False
1019,1.48046875,1.5234375,1.501953125,-42.96875,True,0.8678631992849694,0.39143872261047363,True,,,False
1020,1.5927734375,1.609375,1.60107421875,-16.6015625,True,0.33530693748421736,0.382535457611084,True,,,False
1021,1.5498046875,1.5224609375,1.5361328125,27.34375,True,0.5522839754166996,0.38423776626586914,True,,,False
1022,1.669921875,1.580078125,1.625,89.84375,True,1.8146034115570169,0.38452696800231934,True,,,False
1023,1.509765625,1.5087890625,1.50927734375,0.9765625,True,0.01972430367259802,0.3902277946472168,True,,,False
1024,1.63671875,1.5908203125,1.61376953125,45.8984375,True,0.927053407152393,0.3828110694885254,True,,,False
1025,1.6064453125,1.58984375,1.59814453125,16.6015625,True,0.3352886398121807,0.38379645347595215,True,,,False
1026,1.544921875,1.5439453125,1.54443359375,0.9765625,True,0.019725196856709745,0.3892688751220703,True,,,False
1027,1.486328125,1.4990234375,1.49267578125,-12.6953125,True,0.25642445347653886,0.3845486640930176,True,,,False
1028,1.583984375,1.5947265625,1.58935546875,-10.7421875,True,0.21697082870659806,0.38430070877075195,True,,,False
1029,1.560546875,1.578125,1.5693359375,-17.578125,True,0.3550365202413257,0.387528657913208,True,,,False
1030,1.5771484375,1.546875,1.56201171875,30.2734375,True,0.6114344406929295,0.38550329208374023,True,,,False
1031,1.634765625,1.6328125,1.6337890625,1.953125,True,0.03944786587093712,0.38497304916381836,True,,,False
1032,1.5546875,1.5693359375,1.56201171875,-14.6484375,True,0.29586670073954363,0.3905632495880127,True,,,False
1033,1.5556640625,1.5673828125,1.5615234375,-11.71875,True,0.23669441012574355,0.393845796585083,True,,,False
1034,1.5546875,1.5732421875,1.56396484375,-18.5546875,True,0.3747696173551195,0.38294005393981934,True,,,False
1035,1.58203125,1.5859375,1.583984375,-3.90625,True,0.07889518086171514,0.3824889659881592,True,,,False
1036,1.587890625,1.5693359375,1.57861328125,18.5546875,True,0.37474928325968854,0.38552427291870117,True,,,False
1037,1.5419921875,1.529296875,1.53564453125,12.6953125,True,0.2564101746619483,0.39600062370300293,True,,,False
1038,1.5830078125,1.568359375,1.57568359375,14.6484375,True,0.2958553966489482,0.38265156745910645,True,,,False
1039,1.5966796875,1.552734375,1.57470703125,43.9453125,True,0.8875401615783375,0.38256359100341797,True,,,False
1040,1.5615234375,1.5576171875,1.5595703125,3.90625,True,0.07889757374776578,0.3912057876586914,True,,,False
1041,1.55859375,1.533203125,1.5458984375,25.390625,True,0.5128459295911727,0.3875257968902588,True,,,False
1042,1.5947265625,1.60546875,1.60009765625,-10.7421875,True,0.21697456821256025,0.38808250427246094,True,,,False
1043,1.5732421875,1.5888671875,1.5810546875,-15.625,True,0.3156007044111078,0.3899540901184082,True,,,False
1044,1.5849609375,1.572265625,1.57861328125,12.6953125,True,0.2564253161039164,0.38323426246643066,True,,,False
1045,1.626953125,1.646484375,1.63671875,-19.53125,True,0.39447756292138375,0.3823356628417969,True,,,False
1046,1.62109375,1.6259765625,1.62353515625,-4.8828125,True,0.09862404616624189,0.3846893310546875,True,,,False
1047,1.51171875,1.5380859375,1.52490234375,-26.3671875,True,0.5325427173260006,0.39350342750549316,True,,,False
1048,1.5419921875,1.544921875,1.54345703125,-2.9296875,True,0.05917297074850994,0.3847384452819824,True,,,False
1049,1.6318359375,1.6025390625,1.6171875,29.296875,True,0.591738546001079,0.38382387161254883,True,,,False
1050,1.5986328125,1.61328125,1.60595703125,-14.6484375,True,0.2958498948941004,0.3948662281036377,True,,,False
1051,1.560546875,1.5791015625,1.56982421875,-18.5546875,True,0.3747428978047517,0.39057040214538574,True,,,False
1052,1.5859375,1.59375,1.58984375,-7.8125,True,0.1577921111702191,0.38335752487182617,True,,,False
1053,1.5791015625,1.556640625,1.56787109375,22.4609375,True,0.45361022562785286,0.38233327865600586,True,,,False
1054,1.55859375,1.5185546875,1.53857421875,40.0390625,True,0.8086788364042615,0.3910551071166992,True,,,False
1055,1.4775390625,1.515625,1.49658203125,-38.0859375,True,0.7692224819660641,0.3864927291870117,True,,,False
1056,1.5341796875,1.5849609375,1.5595703125,-50.78125,True,1.0256828348466995,0.38490962982177734,True,,,False
1057,1.57421875,1.5947265625,1.58447265625,-20.5078125,True,0.4142066553756665,0.3905065059661865,True,,,False
1058,1.552734375,1.548828125,1.55078125,3.90625,True,0.0789009677223527,0.38327765464782715,True,,,False
1059,1.50390625,1.5361328125,1.52001953125,-32.2265625,True,0.6508853840820007,0.3838465213775635,True,,,False
1060,1.52734375,1.5302734375,1.52880859375,-2.9296875,True,0.05917341447529186,0.39078831672668457,True,,,False
1061,1.5419921875,1.6044921875,1.5732421875,-62.5,True,1.2623503420364455,0.38260459899902344,True,,,False
1062,1.59765625,1.6025390625,1.60009765625,-4.8828125,True,0.09861621206422841,0.38968944549560547,True,,,False
1063,1.625,1.580078125,1.6025390625,44.921875,True,0.9072880852137878,0.38342928886413574,True,,,False
1064,1.5439453125,1.61328125,1.57861328125,-69.3359375,True,1.4004487912274648,0.38986802101135254,True,,,False
1065,1.5478515625,1.572265625,1.56005859375,-24.4140625,True,0.4931104512177986,0.38472986221313477,True,,,False
1066,1.4658203125,1.533203125,1.49951171875,-67.3828125,True,1.3609873148025309,0.38376808166503906,True,,,False
1067,1.533203125,1.5693359375,1.55126953125,-36.1328125,True,0.7297751483674468,0.3929586410522461,True,,,False
1068,1.607421875,1.6533203125,1.63037109375,-45.8984375,True,0.9270686582826635,0.38802003860473633,True,,,False
1069,1.5703125,1.5556640625,1.56298828125,14.6484375,True,0.29586261962553745,0.38398218154907227,True,,,False
1070,1.5888671875,1.5703125,1.57958984375,18.5546875,True,0.3747635523451071,0.38335680961608887,True,,,False
1071,1.607421875,1.5751953125,1.59130859375,32.2265625,True,0.6508778614807863,0.3931922912597656,True,,,False
1072,1.580078125,1.5908203125,1.58544921875,-10.7421875,True,0.21695995523534528,0.4841923713684082,True,,,False
1073,1.5478515625,1.58984375,1.56884765625,-41.9921875,True,0.848168736917464,0.39328932762145996,True,,,False
1074,1.5888671875,1.5810546875,1.5849609375,7.8125,True,0.15781012152419258,0.40346479415893555,True,,,False
1075,1.5888671875,1.603515625,1.59619140625,-14.6484375,True,0.29586686917124677,0.38603663444519043,True,,,False
1076,1.58984375,1.58984375,1.58984375,0.0,True,0.0,0.3912351131439209,True,,,False
1077,1.7080078125,1.654296875,1.68115234375,53.7109375,True,1.084849856652725,0.39275145530700684,True,,,False
1078,1.5361328125,1.5439453125,1.5400390625,-7.8125,True,0.15779339234589648,0.38537096977233887,True,,,False
1079,1.53125,1.53125,1.53125,0.0,True,0.0,0.39095354080200195,True,,,False
1080,1.517578125,1.5263671875,1.52197265625,-8.7890625,True,0.1775217658260424,0.38980889320373535,True,,,False
1081,1.5048828125,1.5283203125,1.5166015625,-23.4375,True,0.47337683228910804,0.39723825454711914,True,,,False
1082,1.609375,1.6435546875,1.62646484375,-34.1796875,True,0.6902977580219898,0.390963077545166,True,,,False
1083,1.5751953125,1.5576171875,1.56640625,17.578125,True,0.35502890574393225,0.38419103622436523,True,,,False
1084,1.5419921875,1.5556640625,1.548828125,-13.671875,True,0.2761263647039603,0.3999195098876953,True,,,False
1085,1.5693359375,1.5712890625,1.5703125,-1.953125,True,0.03944908500225762,0.38388562202453613,True,,,False
1086,1.607421875,1.59375,1.6005859375,13.671875,True,0.2761319217184263,0.38565683364868164,True,,,False
1087,1.611328125,1.6494140625,1.63037109375,-38.0859375,True,0.7692496793299113,0.3994324207305908,True,,,False
1088,1.6005859375,1.619140625,1.60986328125,-18.5546875,True,0.37474544180312475,0.3849005699157715,True,,,False
1089,1.642578125,1.623046875,1.6328125,19.53125,True,0.3944814529402734,0.36943769454956055,True,,,False
1090,1.6123046875,1.5927734375,1.6025390625,19.53125,True,0.3944543910469494,0.3852999210357666,True,,,False
1091,1.564453125,1.5458984375,1.55517578125,18.5546875,True,0.37474229319104335,0.3948502540588379,True,,,False
1092,1.529296875,1.5947265625,1.56201171875,-65.4296875,True,1.3214232328005724,0.39004945755004883,True,,,False
1093,1.51953125,1.5302734375,1.52490234375,-10.7421875,True,0.21695256049614853,0.3847522735595703,True,,,False
1094,1.5322265625,1.5078125,1.52001953125,24.4140625,True,0.4931201213423186,0.4038114547729492,True,,,False
1095,1.591796875,1.5791015625,1.58544921875,12.6953125,True,0.2564030541213526,0.38946008682250977,True,,,False
1096,1.521484375,1.533203125,1.52734375,-11.71875,True,0.23668700214983115,0.3857536315917969,True,,,False
1097,1.560546875,1.572265625,1.56640625,-11.71875,True,0.2366861195584532,0.3920097351074219,True,,,False
1098,1.599609375,1.57421875,1.5869140625,25.390625,True,0.512815792388157,0.3865823745727539,True,,,False
1099,1.4990234375,1.5078125,1.50341796875,-8.7890625,True,0.1775281503044137,0.38547420501708984,True,,,False
1100,1.5576171875,1.587890625,1.57275390625,-30.2734375,True,0.611428262423307,0.385939359664917,True,,,False
1101,1.5009765625,1.5498046875,1.525390625,-48.828125,True,0.9862066637009032,0.5625185966491699,True,,,False
1102,1.578125,1.599609375,1.5888671875,-21.484375,True,0.4339178988900557,0.3871936798095703,True,,,False
1103,1.50390625,1.529296875,1.5166015625,-25.390625,True,0.5128195538371751,0.3932182788848877,True,,,False
1104,1.5517578125,1.552734375,1.55224609375,-0.9765625,True,0.019723599402092416,0.3921477794647217,True,,,False
1105,1.5732421875,1.6005859375,1.5869140625,-27.34375,True,0.5522680813185675,0.39078211784362793,True,,,False
1106,1.494140625,1.51953125,1.5068359375,-25.390625,True,0.5128282506995429,0.38712310791015625,True,,,False
1107,1.5830078125,1.587890625,1.58544921875,-4.8828125,True,0.09861439637121087,0.39905667304992676,True,,,False
1108,1.662109375,1.6279296875,1.64501953125,34.1796875,True,0.6903357856961507,0.38477444648742676,True,,,False
1109,1.5537109375,1.5,1.52685546875,53.7109375,True,1.0849202030634002,0.3877556324005127,True,,,False
1110,1.6220703125,1.5947265625,1.6083984375,27.34375,True,0.5522676645268421,0.3949100971221924,True,,,False
1111,1.48046875,1.521484375,1.5009765625,-41.015625,True,0.828377217208312,0.3928821086883545,True,,,False
1112,1.564453125,1.5908203125,1.57763671875,-26.3671875,True,0.5325511606630907,0.3862473964691162,True,,,False
1113,1.6015625,1.5966796875,1.59912109375,4.8828125,True,0.09862121282087888,0.3862917423248291,True,,,False
1114,1.587890625,1.6025390625,1.59521484375,-14.6484375,True,0.295866808798766,0.3971226215362549,True,,,False
1115,1.556640625,1.59375,1.5751953125,-37.109375,True,0.7495486443694982,0.38733959197998047,True,,,False
1116,1.5478515625,1.5712890625,1.5595703125,-23.4375,True,0.4733675632604256,0.38639092445373535,True,,,False
1117,1.560546875,1.55859375,1.5595703125,1.953125,True,0.039448006600764064,0.3977062702178955,True,,,False
1118,1.5390625,1.5517578125,1.54541015625,-12.6953125,True,0.25640298533013783,0.38674306869506836,True,,,False
1119,1.5419921875,1.53515625,1.53857421875,6.8359375,True,0.1380635054037558,0.39263415336608887,True,,,False
1120,1.5888671875,1.6787109375,1.6337890625,-89.84375,True,1.814679399783563,0.3915212154388428,True,,,False
1121,1.56640625,1.541015625,1.5537109375,25.390625,True,0.5128313053752062,0.3926718235015869,True,,,False
1122,1.55859375,1.55859375,1.55859375,0.0,True,0.0,0.3874835968017578,True,,,False
1123,1.541015625,1.5166015625,1.52880859375,24.4140625,True,0.4930876938703829,0.38543128967285156,True,,,False
1124,1.58984375,1.609375,1.599609375,-19.53125,True,0.3944806904649508,0.40410780906677246,True,,,False
1125,1.552734375,1.4716796875,1.51220703125,81.0546875,True,1.637109979627161,0.38662075996398926,True,,,False
1126,1.4765625,1.4111328125,1.44384765625,65.4296875,True,1.321488007941619,0.386707067489624,True,,,False
1127,1.5107421875,1.4990234375,1.5048828125,11.71875,True,0.23668629320800164,0.3922841548919678,True,,,False
1128,1.5341796875,1.4892578125,1.51171875,44.921875,True,0.9072910117465661,0.3905298709869385,True,,,False
1129,1.5732421875,1.6025390625,1.587890625,-29.296875,True,0.5917261641360444,0.3869192600250244,True,,,False
1130,1.5283203125,1.525390625,1.52685546875,2.9296875,True,0.05917270579363897,0.38529419898986816,True,,,False
1131,1.599609375,1.5791015625,1.58935546875,20.5078125,True,0.41418069788412515,0.4018590450286865,True,,,False
1132,1.6591796875,1.6357421875,1.6474609375,23.4375,True,0.4733897420564733,0.38475465774536133,True,,,False
1133,1.5751953125,1.6142578125,1.5947265625,-39.0625,True,0.7889729064143859,0.38616085052490234,True,,,False
1134,1.5751953125,1.5634765625,1.5693359375,11.71875,True,0.23669456380947804,0.39971470832824707,True,,,False
1135,1.6181640625,1.583984375,1.60107421875,34.1796875,True,0.6903470314122072,0.3862450122833252,True,,,False
1136,1.53515625,1.5078125,1.521484375,27.34375,True,0.5522488763599155,0.38885021209716797,True,,,False
1137,1.5283203125,1.5791015625,1.5537109375,-50.78125,True,1.0256805254050048,0.38799238204956055,True,,,False
1138,1.533203125,1.50390625,1.5185546875,29.296875,True,0.5917055926273868,0.40077948570251465,True,,,False
1139,1.619140625,1.669921875,1.64453125,-50.78125,True,1.0256749895738841,0.39015650749206543,True,,,False
1140,1.6220703125,1.6025390625,1.6123046875,19.53125,True,0.3944946704763843,0.3840789794921875,True,,,False
1141,1.5615234375,1.6220703125,1.591796875,-60.546875,True,1.2229249395443824,0.39733242988586426,True,,,False
1142,1.61328125,1.6005859375,1.60693359375,12.6953125,True,0.25641123018616296,0.38870978355407715,True,,,False
1143,1.6396484375,1.5673828125,1.603515625,72.265625,True,1.459609488638527,0.3867149353027344,True,,,False
1144,1.5556640625,1.552734375,1.55419921875,2.9296875,True,0.0591723167932001,0.40239644050598145,True,,,False
1145,1.560546875,1.556640625,1.55859375,3.90625,True,0.07889434839009643,0.3856489658355713,True,,,False
1146,1.5654296875,1.5751953125,1.5703125,-9.765625,True,0.19723254339542268,0.3831062316894531,True,,,False
1147,1.626953125,1.6396484375,1.63330078125,-12.6953125,True,0.256418944135746,0.3876020908355713,True,,,False
1148,1.6435546875,1.6103515625,1.626953125,33.203125,True,0.670614908932481,0.3954799175262451,True,,,False
1149,1.6396484375,1.638671875,1.63916015625,0.9765625,True,0.019723167577731772,0.38572049140930176,True,,,False
1150,1.52734375,1.5244140625,1.52587890625,2.9296875,True,0.059173443791732144,0.38613438606262207,True,,,False
1151,1.609375,1.5791015625,1.59423828125,30.2734375,True,0.6114190005680425,0.39647674560546875,True,,,False
1152,1.6396484375,1.638671875,1.63916015625,0.9765625,True,0.01972345714311651,0.3836383819580078,True,,,False
1153,1.5966796875,1.615234375,1.60595703125,-18.5546875,True,0.37474582447138427,0.3851592540740967,True,,,False
1154,1.67578125,1.6845703125,1.68017578125,-8.7890625,True,0.17752148923123717,0.39325594902038574,True,,,False
1155,1.5419921875,1.5185546875,1.5302734375,23.4375,True,0.4733798519942282,0.3878965377807617,True,,,False
1156,1.5302734375,1.537109375,1.53369140625,-6.8359375,True,0.13807106943386682,0.4730050563812256,True,,,False
1157,1.5673828125,1.5380859375,1.552734375,29.296875,True,0.5917151609597101,0.41472530364990234,True,,,False
1158,1.5439453125,1.5654296875,1.5546875,-21.484375,True,0.43393841373961056,0.3896358013153076,True,,,False
1159,1.5625,1.55078125,1.556640625,11.71875,True,0.23668689183008298,0.38536834716796875,True,,,False
1160,1.5908203125,1.611328125,1.60107421875,-20.5078125,True,0.4142196037148321,0.38510870933532715,True,,,False
1161,1.5166015625,1.525390625,1.52099609375,-8.7890625,True,0.17752366504038763,0.400160551071167,True,,,False
1162,1.5390625,1.5458984375,1.54248046875,-6.8359375,True,0.13806001247627814,0.3912062644958496,True,,,False
1163,1.609375,1.6162109375,1.61279296875,-6.8359375,True,0.13806525655540736,0.3866446018218994,True,,,False
1164,1.6123046875,1.6201171875,1.6162109375,-7.8125,True,0.15778792574011963,0.39997339248657227,True,,,False
1165,1.529296875,1.533203125,1.53125,-3.90625,True,0.07889299400129765,0.3864877223968506,True,,,False
1166,1.5771484375,1.603515625,1.59033203125,-26.3671875,True,0.5325573626565216,0.38988375663757324,True,,,False
1167,1.5087890625,1.5322265625,1.5205078125,-23.4375,True,0.47337536219527465,0.3886830806732178,True,,,False
1168,1.69140625,1.591796875,1.6416015625,99.609375,True,2.011857737432774,0.3872818946838379,True,,,False
1169,1.5615234375,1.5693359375,1.5654296875,-7.8125,True,0.1578008341560906,0.38405656814575195,True,,,False
1170,1.609375,1.63671875,1.623046875,-27.34375,True,0.552264551068557,0.3850383758544922,True,,,False
1171,1.5771484375,1.5751953125,1.576171875,1.953125,True,0.0394468685613642,0.399644136428833,True,,,False
1172,1.5498046875,1.5400390625,1.544921875,9.765625,True,0.1972455668478547,0.3845510482788086,True,,,False
1173,1.55078125,1.5478515625,1.54931640625,2.9296875,True,0.05917430242193066,0.3863077163696289,True,,,False
1174,1.529296875,1.50390625,1.5166015625,25.390625,True,0.5128178602887941,0.39800000190734863,True,,,False
1175,1.572265625,1.5615234375,1.56689453125,10.7421875,True,0.21696457204858174,0.386016845703125,True,,,False
1176,1.5283203125,1.552734375,1.54052734375,-24.4140625,True,0.493089988882409,0.3882908821105957,True,,,False
1177,1.6318359375,1.6806640625,1.65625,-48.828125,True,0.9862057980715728,0.3845813274383545,True,,,False
1178,1.4970703125,1.5400390625,1.5185546875,-42.96875,True,0.8678507022422239,0.3901643753051758,True,,,False
1179,1.4951171875,1.49609375,1.49560546875,-0.9765625,True,0.019724293984993507,0.3851926326751709,True,,,False
1180,1.5791015625,1.572265625,1.57568359375,6.8359375,True,0.13806961189743253,0.38365840911865234,True,,,False
1181,1.4990234375,1.5390625,1.51904296875,-40.0390625,True,0.8087174648313827,0.3942866325378418,True,,,False
1182,1.599609375,1.57421875,1.5869140625,25.390625,True,0.5128139771221168,0.3849806785583496,True,,,False
1183,1.5927734375,1.615234375,1.60400390625,-22.4609375,True,0.453644215869291,0.38634300231933594,True,,,False
1184,1.5517578125,1.55078125,1.55126953125,0.9765625,True,0.019722715012042098,0.3878200054168701,True,,,False
1185,1.5546875,1.5537109375,1.55419921875,0.9765625,True,0.019724584553038108,0.393524169921875,True,,,False
1186,1.64453125,1.64453125,1.64453125,0.0,True,0.0,0.3845086097717285,True,,,False
1187,1.5478515625,1.51953125,1.53369140625,28.3203125,True,0.5720135021414994,0.38385009765625,True,,,False
1188,1.6103515625,1.6103515625,1.6103515625,0.0,True,0.0,0.39091944694519043,True,,,False
1189,1.5986328125,1.5830078125,1.5908203125,15.625,True,0.31557900323581134,0.39081430435180664,True,,,False
1190,1.51953125,1.55078125,1.53515625,-31.25,True,0.6311590613369561,0.386446475982666,True,,,False
1191,1.5654296875,1.57421875,1.56982421875,-8.7890625,True,0.17752194056668869,0.39185023307800293,True,,,False
1192,1.591796875,1.611328125,1.6015625,-19.53125,True,0.3944701708286131,0.38364171981811523,True,,,False
1193,1.576171875,1.521484375,1.548828125,54.6875,True,1.104597667546675,0.38723254203796387,True,,,False
1194,1.4609375,1.451171875,1.4560546875,9.765625,True,0.1972372486388383,0.3844473361968994,True,,,False
1195,1.591796875,1.5966796875,1.59423828125,-4.8828125,True,0.09862281776190968,0.3937656879425049,True,,,False
1196,1.5673828125,1.5712890625,1.5693359375,-3.90625,True,0.07889499245077321,0.38493990898132324,True,,,False
1197,1.587890625,1.5849609375,1.58642578125,2.9296875,True,0.059173613264715756,0.385390043258667,True,,,False
1198,1.5927734375,1.5673828125,1.580078125,25.390625,True,0.5128374345971911,0.4048116207122803,True,,,False
1199,1.5966796875,1.5859375,1.59130859375,10.7421875,True,0.2169496711633669,0.3879852294921875,True,,,False
1200,1.595703125,1.62890625,1.6123046875,-33.203125,True,0.6706126928349583,0.38481783866882324,True,,,False
1201,1.5986328125,1.5859375,1.59228515625,12.6953125,True,0.25641811012208904,0.5465633869171143,True,,,False
1202,1.583984375,1.544921875,1.564453125,39.0625,True,0.7889488512239108,0.38478708267211914,True,,,False
1203,1.65234375,1.61328125,1.6328125,39.0625,True,0.7889749408979253,0.39844393730163574,True,,,False
1204,1.62890625,1.6015625,1.615234375,27.34375,True,0.5522780501126898,0.3853893280029297,True,,,False
1205,1.5810546875,1.5693359375,1.5751953125,11.71875,True,0.23667754854268913,0.3848075866699219,True,,,False
1206,1.6826171875,1.6708984375,1.6767578125,11.71875,True,0.23671048533329567,0.39057159423828125,True,,,False
1207,1.66796875,1.6083984375,1.63818359375,59.5703125,True,1.2031405580892691,0.3923475742340088,True,,,False
1208,1.5771484375,1.5703125,1.57373046875,6.8359375,True,0.13807184824199428,0.3848843574523926,True,,,False
1209,1.5322265625,1.5830078125,1.5576171875,-50.78125,True,1.0256300004024141,0.38686394691467285,True,,,False
1210,1.7685546875,1.642578125,1.70556640625,125.9765625,True,2.544392815008748,0.38309788703918457,True,,,False
1211,1.5927734375,1.6328125,1.61279296875,-40.0390625,True,0.8086892490858072,0.38590025901794434,True,,,False
1212,1.529296875,1.5087890625,1.51904296875,20.5078125,True,0.4142349500207626,0.3856954574584961,True,,,False
1213,1.62890625,1.6015625,1.615234375,27.34375,True,0.5522946871217258,0.39176154136657715,True,,,False
1214,1.5888671875,1.568359375,1.57861328125,20.5078125,True,0.41420212304216886,0.39246654510498047,True,,,False
1215,1.5859375,1.572265625,1.5791015625,13.671875,True,0.27614635334243337,0.3856010437011719,True,,,False
1216,1.525390625,1.53515625,1.5302734375,-9.765625,True,0.19724466549199832,0.39101743698120117,True,,,False
1217,1.5966796875,1.603515625,1.60009765625,-6.8359375,True,0.1380740038003497,0.38433313369750977,True,,,False
1218,1.52734375,1.5927734375,1.56005859375,-65.4296875,True,1.321534347618575,0.38626861572265625,True,,,False
1219,1.5029296875,1.5498046875,1.5263671875,-46.875,True,0.9467216423193563,0.38512682914733887,True,,,False
1220,1.5859375,1.580078125,1.5830078125,5.859375,True,0.11834191578366296,0.39732789993286133,True,,,False
1221,1.572265625,1.6142578125,1.59326171875,-41.9921875,True,0.8481723300204006,0.3831188678741455,True,,,False
1222,1.57421875,1.591796875,1.5830078125,-17.578125,True,0.3550327038743366,0.3860785961151123,True,,,False
1223,1.5634765625,1.623046875,1.59326171875,-59.5703125,True,1.2031804431661226,0.39577555656433105,True,,,False
1224,1.5498046875,1.55859375,1.55419921875,-8.7890625,True,0.1775170836220145,0.3862793445587158,True,,,False
1225,1.5791015625,1.5830078125,1.5810546875,-3.90625,True,0.07889543045112164,0.3878824710845947,True,,,False
1226,1.5908203125,1.5908203125,1.5908203125,0.0,True,0.0,0.387218713760376,True,,,False
1227,1.5390625,1.5908203125,1.56494140625,-51.7578125,True,1.0453132095902207,0.3920269012451172,True,,,False
1228,1.5400390625,1.533203125,1.53662109375,6.8359375,True,0.13806909245596924,0.3858625888824463,True,,,False
1229,1.5810546875,1.62109375,1.60107421875,-40.0390625,True,0.8087095185297319,0.38660311698913574,True,,,False
1230,1.625,1.5537109375,1.58935546875,71.2890625,True,1.4399045767586172,0.40302300453186035,True,,,False
1231,1.560546875,1.638671875,1.599609375,-78.125,True,1.5779269741236464,0.38378095626831055,True,,,False
1232,1.5546875,1.5654296875,1.56005859375,-10.7421875,True,0.21696951995114036,0.38532543182373047,True,,,False
1233,1.52734375,1.5546875,1.541015625,-27.34375,True,0.5522539827691959,0.39139795303344727,True,,,False
1234,1.583984375,1.556640625,1.5703125,27.34375,True,0.5522570273241303,0.39215660095214844,True,,,False
1235,1.634765625,1.6044921875,1.61962890625,30.2734375,True,0.611461208210933,0.38648104667663574,True,,,False
1236,1.5888671875,1.54296875,1.56591796875,45.8984375,True,0.9270212256385656,0.3848764896392822,True,,,False
1237,1.4833984375,1.4873046875,1.4853515625,-3.90625,True,0.0788921601628986,0.39675402641296387,True,,,False
1238,1.556640625,1.5537109375,1.55517578125,2.9296875,True,0.059169618913816384,0.3867828845977783,True,,,False
1239,1.53515625,1.560546875,1.5478515625,-25.390625,True,0.5127973930919529,0.38600993156433105,True,,,False
1240,1.609375,1.595703125,1.6025390625,13.671875,True,0.276138809701364,0.39388418197631836,True,,,False
1241,1.609375,1.6181640625,1.61376953125,-8.7890625,True,0.1775079915830181,0.49193668365478516,True,,,False
1242,1.5263671875,1.5966796875,1.5615234375,-70.3125,True,1.4202002231058093,0.3949248790740967,True,,,False
1243,1.58203125,1.578125,1.580078125,3.90625,True,0.07889479638423277,0.3917090892791748,True,,,False
1244,1.6181640625,1.568359375,1.59326171875,49.8046875,True,1.0059339506644374,0.39113378524780273,True,,,False
1245,1.5537109375,1.5703125,1.56201171875,-16.6015625,True,0.33530105802178944,0.3849465847015381,True,,,False
1246,1.5361328125,1.55078125,1.54345703125,-14.6484375,True,0.295858807336903,0.3851773738861084,True,,,False
1247,1.5478515625,1.58203125,1.56494140625,-34.1796875,True,0.6903192648500933,0.39099884033203125,True,,,False
1248,1.58984375,1.537109375,1.5634765625,52.734375,True,1.0651449102355757,0.3863239288330078,True,,,False
1249,1.58203125,1.55859375,1.5703125,23.4375,True,0.47337856190032557,0.3872060775756836,True,,,False
1250,1.5849609375,1.564453125,1.57470703125,20.5078125,True,0.4141884845709541,0.39575815200805664,True,,,False
1251,1.611328125,1.591796875,1.6015625,19.53125,True,0.3944911437056132,0.5447390079498291,True,,,False
1252,1.6181640625,1.63671875,1.62744140625,-18.5546875,True,0.37477722243396283,0.38588929176330566,True,,,False
1253,1.548828125,1.52734375,1.5380859375,21.484375,True,0.43392009873591025,0.3990609645843506,True,,,False
1254,1.6044921875,1.58203125,1.59326171875,22.4609375,True,0.45363883214736045,0.39054274559020996,True,,,False
1255,1.5625,1.5966796875,1.57958984375,-34.1796875,True,0.6903046873169574,0.38646936416625977,True,,,False
1256,1.544921875,1.53515625,1.5400390625,9.765625,True,0.19723929743351748,0.3854656219482422,True,,,False
1257,1.5673828125,1.5439453125,1.5556640625,23.4375,True,0.4733767218956994,0.39103221893310547,True,,,False
1258,1.5869140625,1.62109375,1.60400390625,-34.1796875,True,0.6903551466539342,0.3875088691711426,True,,,False
1259,1.5517578125,1.5595703125,1.5556640625,-7.8125,True,0.15779864485482392,0.3866536617279053,True,,,False
1260,1.556640625,1.5390625,1.5478515625,17.578125,True,0.3550200398828885,0.40564894676208496,True,,,False
1261,1.6435546875,1.6318359375,1.6376953125,11.71875,True,0.23668654526391938,0.39582347869873047,True,,,False
1262,1.5595703125,1.609375,1.58447265625,-49.8046875,True,1.005882146805101,0.39421963691711426,True,,,False
1263,1.5791015625,1.5693359375,1.57421875,9.765625,True,0.1972472246390615,0.3930079936981201,True,,,False
1264,1.458984375,1.576171875,1.517578125,-117.1875,True,2.3669678496262896,0.38813066482543945,True,,,False
1265,1.662109375,1.6806640625,1.67138671875,-18.5546875,True,0.37476640230247443,0.3829479217529297,True,,,False
1266,1.5908203125,1.5751953125,1.5830078125,15.625,True,0.31556527490577485,0.384066104888916,True,,,False
1267,1.4970703125,1.470703125,1.48388671875,26.3671875,True,0.5325943958575718,0.38843846321105957,True,,,False
1268,1.6103515625,1.5966796875,1.603515625,13.671875,True,0.27612510441199684,0.3861730098724365,True,,,False
1269,1.501953125,1.515625,1.5087890625,-13.671875,True,0.276137562966669,0.3822758197784424,True,,,False
1270,1.6171875,1.6357421875,1.62646484375,-18.5546875,True,0.374766516130876,0.3896777629852295,True,,,False
1271,1.533203125,1.5244140625,1.52880859375,8.7890625,True,0.17751849466654981,0.38411879539489746,True,,,False
1272,1.5361328125,1.5546875,1.54541015625,-18.5546875,True,0.374752312190345,0.3853027820587158,True,,,False
1273,1.5048828125,1.5712890625,1.5380859375,-66.40625,True,1.341231731551678,0.3943779468536377,True,,,False
1274,1.6015625,1.6064453125,1.60400390625,-4.8828125,True,0.0986187839209256,0.38529396057128906,True,,,False
1275,1.552734375,1.599609375,1.576171875,-46.875,True,0.9467709552195358,0.3859684467315674,True,,,False
1276,1.5556640625,1.5625,1.55908203125,-6.8359375,True,0.13806763076557718,0.38562560081481934,True,,,False
1277,1.5830078125,1.5859375,1.58447265625,-2.9296875,True,0.05917456001744459,0.3891420364379883,True,,,False
1278,1.51953125,1.51171875,1.515625,7.8125,True,0.15779859014282824,0.386063814163208,True,,,False
1279,1.5732421875,1.576171875,1.57470703125,-2.9296875,True,0.05917409544106471,0.38211822509765625,True,,,False
1280,1.517578125,1.521484375,1.51953125,-3.90625,True,0.07889418860783044,0.3949849605560303,True,,,False
1281,1.6171875,1.6337890625,1.62548828125,-16.6015625,True,0.3353055018716468,0.3819546699523926,True,,,False
1282,1.5244140625,1.5576171875,1.541015625,-33.203125,True,0.6706269006283467,0.3865988254547119,True,,,False
1283,1.5517578125,1.580078125,1.56591796875,-28.3203125,True,0.5720009405632916,0.38927769660949707,True,,,False
1284,1.6025390625,1.5712890625,1.5869140625,31.25,True,0.6311738398248015,0.3966972827911377,True,,,False
1285,1.5458984375,1.5693359375,1.5576171875,-23.4375,True,0.4733698214764779,0.38358449935913086,True,,,False
1286,1.51953125,1.5302734375,1.52490234375,-10.7421875,True,0.21696565715941557,0.3842346668243408,True,,,False
1287,1.5302734375,1.5302734375,1.5302734375,0.0,True,0.0,0.40015196800231934,True,,,False
1288,1.548828125,1.5498046875,1.54931640625,-0.9765625,True,0.019725053466179927,0.3834693431854248,True,,,False
1289,1.5224609375,1.498046875,1.51025390625,24.4140625,True,0.4930631712289912,0.38489794731140137,True,,,False
1290,1.5634765625,1.66015625,1.61181640625,-96.6796875,True,1.9528042819851783,0.39801979064941406,True,,,False
1291,1.50390625,1.560546875,1.5322265625,-56.640625,True,1.143975609737179,0.38357114791870117,True,,,False
1292,1.5146484375,1.513671875,1.51416015625,0.9765625,True,0.019726140338242947,0.3830406665802002,True,,,False
1293,1.552734375,1.556640625,1.5546875,-3.90625,True,0.07889347789780003,0.3830132484436035,True,,,False
1294,1.619140625,1.57421875,1.5966796875,44.921875,True,0.9073374206126905,0.3907020092010498,True,,,False
1295,1.546875,1.556640625,1.5517578125,-9.765625,True,0.19724048005883846,0.3820953369140625,True,,,False
1296,1.53515625,1.546875,1.541015625,-11.71875,True,0.2366866964695224,0.38429713249206543,True,,,False
1297,1.5693359375,1.6123046875,1.5908203125,-42.96875,True,0.8679007986998055,0.3919839859008789,True,,,False
1298,1.5458984375,1.564453125,1.55517578125,-18.5546875,True,0.37477876343234506,0.38981056213378906,True,,,False
1299,1.5673828125,1.560546875,1.56396484375,6.8359375,True,0.1380660206990647,0.3838326930999756,True,,,False
1300,1.6484375,1.630859375,1.6396484375,17.578125,True,0.35501630436966775,0.3853452205657959,True,,,False
1301,1.5849609375,1.591796875,1.58837890625,-6.8359375,True,0.13807389797682604,0.5681135654449463,True,,,False
1302,1.5673828125,1.55859375,1.56298828125,8.7890625,True,0.17750913385840458,0.38301730155944824,True,,,False
1303,1.5732421875,1.5390625,1.55615234375,34.1796875,True,0.6903360158197315,0.3860807418823242,True,,,False
1304,1.62890625,1.630859375,1.6298828125,-1.953125,True,0.039447984689607044,0.38910818099975586,True,,,False
1305,1.5205078125,1.548828125,1.53466796875,-28.3203125,True,0.5720369132060592,0.3834972381591797,True,,,False
1306,1.5712890625,1.583984375,1.57763671875,-12.6953125,True,0.25641260834996643,0.38928985595703125,True,,,False
1307,1.6298828125,1.630859375,1.63037109375,-0.9765625,True,0.01972394144546382,0.391310453414917,True,,,False
1308,1.5400390625,1.5751953125,1.5576171875,-35.15625,True,0.7100717791699831,0.3843975067138672,True,,,False
1309,1.6337890625,1.5869140625,1.6103515625,46.875,True,0.9467805249850003,0.384401798248291,True,,,False
1310,1.5517578125,1.5546875,1.55322265625,-2.9296875,True,0.059170895411952126,0.3902723789215088,True,,,False
1311,1.5341796875,1.5546875,1.54443359375,-20.5078125,True,0.4142030465978239,0.39062929153442383,True,,,False
1312,1.53515625,1.5654296875,1.55029296875,-30.2734375,True,0.6114551704775885,0.38587021827697754,True,,,False
1313,1.5361328125,1.5341796875,1.53515625,1.953125,True,0.0394488452736498,0.3843390941619873,True,,,False
1314,1.5576171875,1.5576171875,1.5576171875,0.0,True,0.0,0.38778185844421387,True,,,False
1315,1.6298828125,1.599609375,1.61474609375,30.2734375,True,0.6114568323574909,0.3824315071105957,True,,,False
1316,1.642578125,1.5888671875,1.61572265625,53.7109375,True,1.0847755288341283,0.38333749771118164,True,,,False
1317,1.5556640625,1.5810546875,1.568359375,-25.390625,True,0.5128163594702225,0.39080357551574707,True,,,False
1318,1.44140625,1.46484375,1.453125,-23.4375,True,0.4733812416752031,0.38350486755371094,True,,,False
1319,1.607421875,1.609375,1.6083984375,-1.953125,True,0.03944764537171538,0.38490962982177734,True,,,False
1320,1.6025390625,1.5927734375,1.59765625,9.765625,True,0.19724722945591117,0.38469862937927246,True,,,False
1321,1.5341796875,1.5732421875,1.5537109375,-39.0625,True,0.7889483548736782,0.3894166946411133,True,,,False
1322,1.6123046875,1.5693359375,1.5908203125,42.96875,True,0.8678710054950741,0.3816559314727783,True,,,False
1323,1.576171875,1.6083984375,1.59228515625,-32.2265625,True,0.6509305782875948,0.38645029067993164,True,,,False
1324,1.591796875,1.615234375,1.603515625,-23.4375,True,0.4734122876449467,0.3862802982330322,True,,,False
1325,1.6171875,1.6259765625,1.62158203125,-8.7890625,True,0.17752018438430792,0.3856072425842285,True,,,False
1326,1.5673828125,1.54296875,1.55517578125,24.4140625,True,0.49305419319693217,0.38211822509765625,True,,,False
1327,1.619140625,1.5498046875,1.58447265625,69.3359375,True,1.4003798730778891,0.3880879878997803,True,,,False
1328,1.5712890625,1.484375,1.52783203125,86.9140625,True,1.755461792220219,0.390366792678833,True,,,False
1329,1.6162109375,1.59765625,1.60693359375,18.5546875,True,0.3747513857370702,0.3852365016937256,True,,,False
1330,1.5927734375,1.5048828125,1.548828125,87.890625,True,1.7752325763262218,0.3835561275482178,True,,,False
1331,1.65234375,1.7060546875,1.67919921875,-53.7109375,True,1.0848979828875949,0.38101792335510254,True,,,False
1332,1.619140625,1.6494140625,1.63427734375,-30.2734375,True,0.6114608902439786,0.38378190994262695,True,,,False
1333,1.54296875,1.53125,1.537109375,11.71875,True,0.23668004291177477,0.38495826721191406,True,,,False
1334,1.548828125,1.54296875,1.5458984375,5.859375,True,0.1183502198470956,0.38781118392944336,True,,,False
1335,1.5947265625,1.583984375,1.58935546875,10.7421875,True,0.2169705689962678,0.39166998863220215,True,,,False
1336,1.5546875,1.5751953125,1.56494140625,-20.5078125,True,0.4141937003537293,0.3838369846343994,True,,,False
1337,1.564453125,1.5703125,1.5673828125,-5.859375,True,0.11833881043665759,0.38463568687438965,True,,,False
1338,1.6220703125,1.6376953125,1.6298828125,-15.625,True,0.31557478353289836,0.39778900146484375,True,,,False
1339,1.642578125,1.6181640625,1.63037109375,24.4140625,True,0.493107688380468,0.5005171298980713,True,,,False
1340,1.5595703125,1.5322265625,1.5458984375,27.34375,True,0.5522674096557766,0.3930206298828125,True,,,False
1341,1.6259765625,1.6328125,1.62939453125,-6.8359375,True,0.13806564080837513,0.39696502685546875,True,,,False
1342,1.6005859375,1.6044921875,1.6025390625,-3.90625,True,0.07889520795486023,0.3873775005340576,True,,,False
1343,1.59375,1.5625,1.578125,31.25,True,0.6311692616783127,0.38689470291137695,True,,,False
1344,1.5712890625,1.509765625,1.54052734375,61.5234375,True,1.2426196394565845,0.41432881355285645,True,,,False
1345,1.599609375,1.576171875,1.587890625,23.4375,True,0.47340478952662096,0.38750720024108887,True,,,False
1346,1.603515625,1.626953125,1.615234375,-23.4375,True,0.4733868741003399,0.3858609199523926,True,,,False
1347,1.5361328125,1.576171875,1.55615234375,-40.0390625,True,0.8086424881350125,0.3921656608581543,True,,,False
1348,1.515625,1.525390625,1.5205078125,-9.765625,True,0.19724464633252853,0.3856801986694336,True,,,False
1349,1.5595703125,1.5380859375,1.548828125,21.484375,True,0.4339079887625966,0.3886721134185791,True,,,False
1350,1.62890625,1.626953125,1.6279296875,1.953125,True,0.03944809743551522,0.38429856300354004,True,,,False
1351,1.5205078125,1.544921875,1.53271484375,-24.4140625,True,0.4930977539619894,0.3967926502227783,True,,,False
1352,1.6298828125,1.6279296875,1.62890625,1.953125,True,0.03944727414510873,0.3884246349334717,True,,,False
1353,1.560546875,1.572265625,1.56640625,-11.71875,True,0.2366938930011519,0.38999319076538086,True,,,False
1354,1.611328125,1.59375,1.6025390625,17.578125,True,0.3550329585805243,0.39601755142211914,True,,,False
1355,1.525390625,1.54296875,1.5341796875,-17.578125,True,0.3550343177359753,0.38757753372192383,True,,,False
1356,1.52734375,1.53125,1.529296875,-3.90625,True,0.07889035613362838,0.3857753276824951,True,,,False
1357,1.5126953125,1.5205078125,1.5166015625,-7.8125,True,0.15779045870693625,0.38978028297424316,True,,,False
1358,1.5458984375,1.5517578125,1.548828125,-5.859375,True,0.11834471105114193,0.3929617404937744,True,,,False
1359,1.5576171875,1.556640625,1.55712890625,0.9765625,True,0.019724081619926507,0.3874058723449707,True,,,False
1360,1.5,1.5263671875,1.51318359375,-26.3671875,True,0.5325411816379202,0.38532018661499023,True,,,False
1361,1.556640625,1.484375,1.5205078125,72.265625,True,1.4596087687452952,0.3928825855255127,True,,,False
1362,1.556640625,1.552734375,1.5546875,3.90625,True,0.07889738542152487,0.3841524124145508,True,,,False
1363,1.5771484375,1.57421875,1.57568359375,2.9296875,True,0.05917109920724681,0.3851182460784912,True,,,False
1364,1.6162109375,1.595703125,1.60595703125,20.5078125,True,0.41423010576469,0.3870065212249756,True,,,False
1365,1.5517578125,1.52734375,1.53955078125,24.4140625,True,0.49312033418580886,0.3916957378387451,True,,,False
1366,1.55078125,1.5625,1.556640625,-11.71875,True,0.23669532352251368,0.3854103088378906,True,,,False
1367,1.5546875,1.5498046875,1.55224609375,4.8828125,True,0.09861752897101667,0.3865947723388672,True,,,False
1368,1.5185546875,1.517578125,1.51806640625,0.9765625,True,0.01972367590693699,0.3915102481842041,True,,,False
1369,1.5869140625,1.599609375,1.59326171875,-12.6953125,True,0.2564175851471521,0.39308738708496094,True,,,False
1370,1.5546875,1.5302734375,1.54248046875,24.4140625,True,0.4930932708938229,0.384472131729126,True,,,False
1371,1.52734375,1.5283203125,1.52783203125,-0.9765625,True,0.019724619193083794,0.39480113983154297,True,,,False
1372,1.5498046875,1.5390625,1.54443359375,10.7421875,True,0.2169752638475569,0.3848402500152588,True,,,False
1373,1.53515625,1.5380859375,1.53662109375,-2.9296875,True,0.05917176440768945,0.38590335845947266,True,,,False
1374,1.5537109375,1.5595703125,1.556640625,-5.859375,True,0.11834042062797505,0.38415074348449707,True,,,False
1375,1.56640625,1.578125,1.572265625,-11.71875,True,0.2366781490516028,0.40310096740722656,True,,,False
1376,1.5693359375,1.5927734375,1.5810546875,-23.4375,True,0.4733742674219834,0.38454318046569824,True,,,False
1377,1.5322265625,1.50390625,1.51806640625,28.3203125,True,0.572023754628895,0.38477611541748047,True,,,False
1378,1.5400390625,1.513671875,1.52685546875,26.3671875,True,0.5325578838922785,0.3999300003051758,True,,,False
1379,1.6171875,1.5986328125,1.60791015625,18.5546875,True,0.3747716777488984,0.38645458221435547,True,,,False
1380,1.5302734375,1.5205078125,1.525390625,9.765625,True,0.19723984543499923,0.38669776916503906,True,,,False
1381,1.6025390625,1.6181640625,1.6103515625,-15.625,True,0.3155947770986054,0.394437313079834,True,,,False
1382,1.587890625,1.6064453125,1.59716796875,-18.5546875,True,0.374782766282731,0.39311814308166504,True,,,False
1383,1.5556640625,1.56640625,1.56103515625,-10.7421875,True,0.216956240596687,0.3870117664337158,True,,,False
1384,1.576171875,1.5732421875,1.57470703125,2.9296875,True,0.05917105746169098,0.38589954376220703,True,,,False
1385,1.56640625,1.6083984375,1.58740234375,-41.9921875,True,0.8481045410300176,0.3908684253692627,True,,,False
1386,1.6162109375,1.603515625,1.60986328125,12.6953125,True,0.2564100779697476,0.38411498069763184,True,,,False
1387,1.6298828125,1.625,1.62744140625,4.8828125,True,0.098621351898327,0.3861675262451172,True,,,False
1388,1.53125,1.5458984375,1.53857421875,-14.6484375,True,0.2958517265895963,0.39169955253601074,True,,,False
1389,1.5322265625,1.5439453125,1.5380859375,-11.71875,True,0.23669479203557525,0.3912026882171631,True,,,False
1390,1.69140625,1.615234375,1.6533203125,76.171875,True,1.5383353253879397,0.3845963478088379,True,,,False
1391,1.556640625,1.580078125,1.568359375,-23.4375,True,0.47338211163332605,0.39016079902648926,True,,,False
1392,1.5595703125,1.5400390625,1.5498046875,19.53125,True,0.39450887628365433,0.39888739585876465,True,,,False
1393,1.568359375,1.5947265625,1.58154296875,-26.3671875,True,0.532528397318676,0.38917016983032227,True,,,False
1394,1.6318359375,1.5947265625,1.61328125,37.109375,True,0.7495424301134244,0.3866763114929199,True,,,False
1395,1.6533203125,1.5703125,1.61181640625,83.0078125,True,1.6765818866919486,0.397341251373291,True,,,False
1396,1.5654296875,1.591796875,1.57861328125,-26.3671875,True,0.5325127115073834,0.3860776424407959,True,,,False
1397,1.533203125,1.5791015625,1.55615234375,-45.8984375,True,0.9270419730124639,0.38535165786743164,True,,,False
1398,1.525390625,1.5458984375,1.53564453125,-20.5078125,True,0.41422831404252597,0.38903069496154785,True,,,False
1399,1.5498046875,1.60546875,1.57763671875,-55.6640625,True,1.1243303463019756,0.3852238655090332,True,,,False
1400,1.5302734375,1.5185546875,1.5244140625,11.71875,True,0.23669106908024576,0.38604092597961426,True,,,False
1401,1.6181640625,1.587890625,1.60302734375,30.2734375,True,0.6114928686187555,0.7771921157836914,True,,,False
1402,1.69921875,1.6650390625,1.68212890625,34.1796875,True,0.6903245112672726,0.38624000549316406,True,,,False
1403,1.5908203125,1.6171875,1.60400390625,-26.3671875,True,0.5325421359501378,0.3837778568267822,True,,,False
1404,1.5927734375,1.576171875,1.58447265625,16.6015625,True,0.3353083157571994,0.39269042015075684,True,,,False
1405,1.611328125,1.5673828125,1.58935546875,43.9453125,True,0.8875702473082325,0.3840370178222656,True,,,False
1406,1.568359375,1.5625,1.5654296875,5.859375,True,0.11834010774269192,0.3869473934173584,True,,,False
1407,1.70703125,1.66015625,1.68359375,46.875,True,0.946704351386787,0.3849959373474121,True,,,False
1408,1.5263671875,1.5009765625,1.513671875,25.390625,True,0.5128376455405952,0.3914368152618408,True,,,False
1409,1.5576171875,1.57421875,1.56591796875,-16.6015625,True,0.33531315415795154,0.3855874538421631,True,,,False
1410,1.607421875,1.5810546875,1.59423828125,26.3671875,True,0.5325438085091937,0.3855891227722168,True,,,False
1411,1.5439453125,1.5654296875,1.5546875,-21.484375,True,0.43392772903153876,0.38968324661254883,True,,,False
1412,1.529296875,1.6015625,1.5654296875,-72.265625,True,1.459599088222639,0.38537144660949707,True,,,False
1413,1.5888671875,1.5947265625,1.591796875,-5.859375,True,0.1183494924247442,0.3830122947692871,True,,,False
1414,1.6494140625,1.6416015625,1.6455078125,7.8125,True,0.1577864849006047,0.3916971683502197,True,,,False
1415,1.5615234375,1.5341796875,1.5478515625,27.34375,True,0.5522445457167775,0.3917202949523926,True,,,False
1416,1.5703125,1.5654296875,1.56787109375,4.8828125,True,0.09862045689805322,0.38474345207214355,True,,,False
1417,1.62109375,1.5947265625,1.60791015625,26.3671875,True,0.5325425131964555,0.38536739349365234,True,,,False
1418,1.5458984375,1.5673828125,1.556640625,-21.484375,True,0.4339270569928757,0.39101123809814453,True,,,False
1419,1.6298828125,1.5966796875,1.61328125,33.203125,True,0.6706537818555972,0.38521742820739746,True,,,False
1420,1.576171875,1.591796875,1.583984375,-15.625,True,0.3155827336081478,0.3849143981933594,True,,,False
1421,1.6025390625,1.625,1.61376953125,-22.4609375,True,0.4536347012551647,0.498582124710083,True,,,False
1422,1.556640625,1.576171875,1.56640625,-19.53125,True,0.3944574021890281,0.3926835060119629,True,,,False
1423,1.6328125,1.626953125,1.6298828125,5.859375,True,0.11834349534609236,0.3853607177734375,True,,,False
1424,1.666015625,1.5888671875,1.62744140625,77.1484375,True,1.5581609114190373,0.3953588008880615,True,,,False
1425,1.52734375,1.5576171875,1.54248046875,-30.2734375,True,0.6114565918618241,0.38528966903686523,True,,,False
1426,1.5927734375,1.56640625,1.57958984375,26.3671875,True,0.5325547833582783,0.3918924331665039,True,,,False
1427,1.5537109375,1.6064453125,1.580078125,-52.734375,True,1.0651485675833638,0.39402055740356445,True,,,False
1428,1.5673828125,1.572265625,1.56982421875,-4.8828125,True,0.09861972743905442,0.39887118339538574,True,,,False
1429,1.6015625,1.6005859375,1.60107421875,0.9765625,True,0.019724963784758947,0.3883373737335205,True,,,False
1430,1.5244140625,1.50390625,1.51416015625,20.5078125,True,0.41422962012696407,0.39072489738464355,True,,,False
1431,1.6337890625,1.6240234375,1.62890625,9.765625,True,0.19722779405002702,0.3910501003265381,True,,,False
1432,1.515625,1.5556640625,1.53564453125,-40.0390625,True,0.8086684557692664,0.389695405960083,True,,,False
1433,1.568359375,1.517578125,1.54296875,50.78125,True,1.0256679844675065,0.3855631351470947,True,,,False
1434,1.5576171875,1.5224609375,1.5400390625,35.15625,True,0.7100303412920684,0.39851832389831543,True,,,False
1435,1.58203125,1.5859375,1.583984375,-3.90625,True,0.07889507118042866,0.3847634792327881,True,,,False
1436,1.5771484375,1.5537109375,1.5654296875,23.4375,True,0.4733915049710041,0.386608362197876,True,,,False
1437,1.4814453125,1.49609375,1.48876953125,-14.6484375,True,0.2958683705298498,0.38374996185302734,True,,,False
1438,1.548828125,1.5498046875,1.54931640625,-0.9765625,True,0.019723910727811413,0.39176464080810547,True,,,False
1439,1.576171875,1.5341796875,1.55517578125,41.9921875,True,0.8481096052102409,0.3833649158477783,True,,,False
1440,1.5771484375,1.572265625,1.57470703125,4.8828125,True,0.09862338763843707,0.3847935199737549,True,,,False
1441,1.619140625,1.626953125,1.623046875,-7.8125,True,0.15778679397047665,0.38692617416381836,True,,,False
1442,1.56640625,1.6376953125,1.60205078125,-71.2890625,True,1.4398307670707786,0.3847355842590332,True,,,False
1443,1.564453125,1.5634765625,1.56396484375,0.9765625,True,0.01972441148984832,0.38421201705932617,True,,,False
1444,1.71484375,1.6494140625,1.68212890625,65.4296875,True,1.3214988280110835,0.391634464263916,True,,,False
1445,1.5107421875,1.51953125,1.51513671875,-8.7890625,True,0.17751833979994652,0.38396692276000977,True,,,False
1446,1.5341796875,1.5166015625,1.525390625,17.578125,True,0.3550465962146382,0.38576602935791016,True,,,False
1447,1.564453125,1.5625,1.5634765625,1.953125,True,0.03945082869215703,0.38595104217529297,True,,,False
1448,1.5654296875,1.5986328125,1.58203125,-33.203125,True,0.6706363158516493,0.39139580726623535,True,,,False
1449,1.517578125,1.55078125,1.5341796875,-33.203125,True,0.6706418680115623,0.38367557525634766,True,,,False
1450,1.55859375,1.6044921875,1.58154296875,-45.8984375,True,0.9270700679594723,0.3852424621582031,True,,,False
1451,1.5361328125,1.5419921875,1.5390625,-5.859375,True,0.11835116059267746,0.39762425422668457,True,,,False
1452,1.69140625,1.802734375,1.7470703125,-111.328125,True,2.2484865788124755,0.37052083015441895,True,,,False
1453,1.5625,1.6015625,1.58203125,-39.0625,True,0.7889760422556306,0.385589599609375,True,,,False
1454,1.623046875,1.603515625,1.61328125,19.53125,True,0.3944770343120706,0.3853905200958252,True,,,False
1455,1.564453125,1.5546875,1.5595703125,9.765625,True,0.19723599608729514,0.39205169677734375,True,,,False
1456,1.5888671875,1.6142578125,1.6015625,-25.390625,True,0.5128314970137453,0.38569116592407227,True,,,False
1457,1.6484375,1.634765625,1.6416015625,13.671875,True,0.27614303804701346,0.3843107223510742,True,,,False
1458,1.6435546875,1.6240234375,1.6337890625,19.53125,True,0.39447920569044737,0.39270901679992676,True,,,False
1459,1.578125,1.5927734375,1.58544921875,-14.6484375,True,0.295851431080783,0.3884561061859131,True,,,False
1460,1.58203125,1.572265625,1.5771484375,9.765625,True,0.19724079065125213,0.38726115226745605,True,,,False
1461,1.6201171875,1.55078125,1.58544921875,69.3359375,True,1.4004114590540357,0.3943605422973633,True,,,False
1462,1.55859375,1.5439453125,1.55126953125,14.6484375,True,0.2958767467554516,0.3881251811981201,True,,,False
1463,1.54296875,1.533203125,1.5380859375,9.765625,True,0.19723902053686318,0.38402724266052246,True,,,False
1464,1.5224609375,1.53515625,1.52880859375,-12.6953125,True,0.25642197025978436,0.3856227397918701,True,,,False
1465,1.6103515625,1.609375,1.60986328125,0.9765625,True,0.019723854980451042,0.3940732479095459,True,,,False
1466,1.6142578125,1.6416015625,1.6279296875,-27.34375,True,0.5522615908840933,0.3891620635986328,True,,,False
1467,1.609375,1.6064453125,1.60791015625,2.9296875,True,0.05916971793954653,0.3856964111328125,True,,,False
1468,1.578125,1.6025390625,1.59033203125,-24.4140625,True,0.49309618260355437,0.4034748077392578,True,,,False
1469,1.5693359375,1.580078125,1.57470703125,-10.7421875,True,0.21697257807843462,0.3888204097747803,True,,,False
1470,1.5498046875,1.5390625,1.54443359375,10.7421875,True,0.2169674204896181,0.3867814540863037,True,,,False
1471,1.5966796875,1.6162109375,1.6064453125,-19.53125,True,0.3944849829716528,0.38916945457458496,True,,,False
1472,1.583984375,1.6064453125,1.59521484375,-22.4609375,True,0.4536759581882541,0.40048789978027344,True,,,False
1473,1.53515625,1.548828125,1.5419921875,-13.671875,True,0.27613338960442974,0.387359619140625,True,,,False
1474,1.60546875,1.6513671875,1.62841796875,-45.8984375,True,0.9270672085998822,0.39023756980895996,True,,,False
1475,1.5126953125,1.59375,1.55322265625,-81.0546875,True,1.6370657810198757,0.3901524543762207,True,,,False
1476,1.615234375,1.525390625,1.5703125,89.84375,True,1.814544246007093,0.38332152366638184,True,,,False
1477,1.5224609375,1.5234375,1.52294921875,-0.9765625,True,0.019723521077171884,0.3826279640197754,True,,,False
1478,1.580078125,1.5615234375,1.57080078125,18.5546875,True,0.374764113514438,0.3932187557220459,True,,,False
1479,1.6650390625,1.625,1.64501953125,40.0390625,True,0.8086706791611663,0.3869180679321289,True,,,False
1480,1.6337890625,1.623046875,1.62841796875,10.7421875,True,0.21697077880364918,0.3851897716522217,True,,,False
1481,1.505859375,1.5458984375,1.52587890625,-40.0390625,True,0.8087180466187116,0.41835999488830566,True,,,False
1482,1.5380859375,1.5888671875,1.5634765625,-50.78125,True,1.0256271387612803,0.3926990032196045,True,,,False
1483,1.572265625,1.5419921875,1.55712890625,30.2734375,True,0.6114418611698501,0.3855443000793457,True,,,False
1484,1.5693359375,1.599609375,1.58447265625,-30.2734375,True,0.6114060296235306,0.3853189945220947,True,,,False
1485,1.5546875,1.5615234375,1.55810546875,-6.8359375,True,0.13806898894154981,0.3940401077270508,True,,,False
1486,1.6103515625,1.611328125,1.61083984375,-0.9765625,True,0.01972467375119118,0.3883039951324463,True,,,False
1487,1.568359375,1.58203125,1.5751953125,-13.671875,True,0.2761244161345145,0.38568639755249023,True,,,False
1488,1.6083984375,1.6025390625,1.60546875,5.859375,True,0.11833412815914011,0.39609646797180176,True,,,False
1489,1.5791015625,1.583984375,1.58154296875,-4.8828125,True,0.09862374156919061,0.3923299312591553,True,,,False
1490,1.564453125,1.5888671875,1.57666015625,-24.4140625,True,0.49308392715757,0.38855981826782227,True,,,False
1491,1.5673828125,1.5615234375,1.564453125,5.859375,True,0.11834280209289347,0.3857741355895996,True,,,False
1492,1.5546875,1.5673828125,1.56103515625,-12.6953125,True,0.25642006773598397,0.391082763671875,True,,,False
1493,1.5732421875,1.5625,1.56787109375,10.7421875,True,0.21695839052787202,0.38646602630615234,True,,,False
1494,1.537109375,1.662109375,1.599609375,-125.0,True,2.524646914394617,0.38683104515075684,True,,,False
1495,1.6328125,1.5849609375,1.60888671875,47.8515625,True,0.9665087606270812,0.3963475227355957,True,,,False
1496,1.5654296875,1.5673828125,1.56640625,-1.953125,True,0.03944935557669676,0.38682031631469727,True,,,False
1497,1.6064453125,1.5732421875,1.58984375,33.203125,True,0.6705969618248626,0.3874342441558838,True,,,False
1498,1.5078125,1.556640625,1.5322265625,-48.828125,True,0.986138113544263,0.38517045974731445,True,,,False
1499,1.5908203125,1.5751953125,1.5830078125,15.625,True,0.315578317825847,0.3914926052093506,True,,,False
1500,1.6025390625,1.591796875,1.59716796875,10.7421875,True,0.216955625764607,3.5341286659240723,True,1.5662347226288056,0.3559718969555035,False
1501,1.5224609375,1.544921875,1.53369140625,-22.4609375,True,0.4536552566620697,0.7707862854003906,True,,,False
1502,1.5185546875,1.5185546875,1.5185546875,0.0,True,0.0,0.387406587600708,True,,,False
1503,1.59375,1.5810546875,1.58740234375,12.6953125,True,0.25640265342070373,0.398529052734375,True,,,False
1504,1.5615234375,1.5341796875,1.5478515625,27.34375,True,0.5522822146066424,0.3861963748931885,True,,,False
1505,1.53125,1.583984375,1.5576171875,-52.734375,True,1.0650651783749763,0.38679957389831543,True,,,False
1506,1.6376953125,1.568359375,1.60302734375,69.3359375,True,1.4004492235332766,0.3859684467315674,True,,,False
1507,1.6162109375,1.6162109375,1.6162109375,0.0,True,0.0,0.39182448387145996,True,,,False
1508,1.5712890625,1.5537109375,1.5625,17.578125,True,0.3550305723635348,0.3871495723724365,True,,,False
1509,1.5947265625,1.58984375,1.59228515625,4.8828125,True,0.09862616488363751,0.3975856304168701,True,,,False
1510,1.5732421875,1.59375,1.58349609375,-20.5078125,True,0.4142077532732491,0.3937971591949463,True,,,False
1511,1.5341796875,1.5546875,1.54443359375,-20.5078125,True,0.4142146696904407,0.38628339767456055,True,,,False
1512,1.587890625,1.5546875,1.5712890625,33.203125,True,0.6706054586810852,0.3875551223754883,True,,,False
1513,1.5400390625,1.5439453125,1.5419921875,-3.90625,True,0.07889950247182052,0.3946254253387451,True,,,False
1514,1.5380859375,1.533203125,1.53564453125,4.8828125,True,0.09862428970783556,0.38688087463378906,True,,,False
1515,1.5986328125,1.58984375,1.59423828125,8.7890625,True,0.17750570314381195,0.3910818099975586,True,,,False
1516,1.5908203125,1.5693359375,1.580078125,21.484375,True,0.43393046773622046,0.3884756565093994,True,,,False
1517,1.4892578125,1.5576171875,1.5234375,-68.359375,True,1.3807756988192452,0.38994789123535156,True,,,False
1518,1.560546875,1.591796875,1.576171875,-31.25,True,0.631184222154741,0.387209415435791,True,,,False
1519,1.580078125,1.6259765625,1.60302734375,-45.8984375,True,0.926998849560977,0.38652896881103516,True,,,False
1520,1.5654296875,1.58203125,1.57373046875,-16.6015625,True,0.33531183405269244,0.3911285400390625,True,,,False
1521,1.552734375,1.546875,1.5498046875,5.859375,True,0.11833972765427044,0.38655710220336914,True,,,False
1522,1.5634765625,1.5595703125,1.5615234375,3.90625,True,0.0788956610639436,0.38643455505371094,True,,,False
1523,1.6025390625,1.603515625,1.60302734375,-0.9765625,True,0.019723657432216737,0.3951072692871094,True,,,False
1524,1.55078125,1.5625,1.556640625,-11.71875,True,0.2366953842149336,0.38617634773254395,True,,,False
1525,1.568359375,1.5263671875,1.54736328125,41.9921875,True,0.848133531375261,0.3855876922607422,True,,,False
1526,1.5693359375,1.5830078125,1.576171875,-13.671875,True,0.2761314036265592,0.38953137397766113,True,,,False
1527,1.564453125,1.5537109375,1.55908203125,10.7421875,True,0.21697198153590427,0.3934776782989502,True,,,False
1528,1.6015625,1.626953125,1.6142578125,-25.390625,True,0.5128310112129912,0.38723278045654297,True,,,False
1529,1.568359375,1.5849609375,1.57666015625,-16.6015625,True,0.3353168141770134,0.38744306564331055,True,,,False
1530,1.546875,1.5498046875,1.54833984375,-2.9296875,True,0.05917615472267019,0.39153599739074707,True,,,False
1531,1.53125,1.5693359375,1.55029296875,-38.0859375,True,0.7692539780612814,0.3864152431488037,True,,,False
1532,1.4921875,1.5205078125,1.50634765625,-28.3203125,True,0.5719531571352359,0.3860318660736084,True,,,False
1533,1.5126953125,1.5009765625,1.5068359375,11.71875,True,0.23667774811463074,0.3985462188720703,True,,,False
1534,1.572265625,1.578125,1.5751953125,-5.859375,True,0.11834725783156248,0.3899576663970947,True,,,False
1535,1.578125,1.57421875,1.576171875,3.90625,True,0.0788992575991811,0.38843274116516113,True,,,False
1536,1.5556640625,1.57421875,1.56494140625,-18.5546875,True,0.37475476295371635,0.3863208293914795,True,,,False
1537,1.619140625,1.6220703125,1.62060546875,-2.9296875,True,0.05917164068191958,0.39491915702819824,True,,,False
1538,1.5517578125,1.5419921875,1.546875,9.765625,True,0.1972527380969958,0.38829708099365234,True,,,False
1539,1.5888671875,1.5830078125,1.5859375,5.859375,True,0.1183425351904905,0.3878040313720703,True,,,False
1540,1.54296875,1.537109375,1.5400390625,5.859375,True,0.11834244670292368,0.3963623046875,True,,,False
1541,1.525390625,1.54296875,1.5341796875,-17.578125,True,0.35501776012115155,0.3894805908203125,True,,,False
1542,1.6083984375,1.62890625,1.61865234375,-20.5078125,True,0.41419700153875355,0.3858344554901123,True,,,False
1543,1.5634765625,1.5810546875,1.572265625,-17.578125,True,0.3550516698466603,0.3872849941253662,True,,,False
1544,1.6201171875,1.6552734375,1.6376953125,-35.15625,True,0.7100988141580391,0.3900890350341797,True,,,False
1545,1.494140625,1.49609375,1.4951171875,-1.953125,True,0.03944641409087432,0.38846826553344727,True,,,False
1546,1.58203125,1.5966796875,1.58935546875,-14.6484375,True,0.2958786508453456,0.3852064609527588,True,,,False
1547,1.546875,1.509765625,1.5283203125,37.109375,True,0.7495167212844295,0.3914766311645508,True,,,False
1548,1.525390625,1.544921875,1.53515625,-19.53125,True,0.3944739799016597,0.3856844902038574,True,,,False
1549,1.6201171875,1.6142578125,1.6171875,5.859375,True,0.11833708622227983,0.38591790199279785,True,,,False
1550,1.5869140625,1.5751953125,1.5810546875,11.71875,True,0.23668265069125066,0.40092992782592773,True,,,False
1551,1.5615234375,1.5810546875,1.5712890625,-19.53125,True,0.394499659484485,0.38745832443237305,True,,,False
1552,1.546875,1.580078125,1.5634765625,-33.203125,True,0.6706162550619644,0.3867800235748291,True,,,False
1553,1.5458984375,1.5517578125,1.548828125,-5.859375,True,0.11835195733558299,0.3847339153289795,True,,,False
1554,1.5947265625,1.6005859375,1.59765625,-5.859375,True,0.11834970671777967,0.39172959327697754,True,,,False
1555,1.544921875,1.5576171875,1.55126953125,-12.6953125,True,0.25640247824238277,0.38439059257507324,True,,,False
1556,1.517578125,1.4970703125,1.50732421875,20.5078125,True,0.41417838580013344,0.38689756393432617,True,,,False
1557,1.5205078125,1.52734375,1.52392578125,-6.8359375,True,0.13807500471695525,0.39542627334594727,True,,,False
1558,1.560546875,1.6328125,1.5966796875,-72.265625,True,1.4595250664790163,0.38574719429016113,True,,,False
1559,1.5693359375,1.5966796875,1.5830078125,-27.34375,True,0.5522791501526241,0.38498759269714355,True,,,False
1560,1.55859375,1.5498046875,1.55419921875,8.7890625,True,0.17752728364952183,0.3912677764892578,True,,,False
1561,1.57421875,1.5576171875,1.56591796875,16.6015625,True,0.33532295552902464,0.3895869255065918,True,,,False
1562,1.5869140625,1.5830078125,1.5849609375,3.90625,True,0.07889370953495696,0.38590168952941895,True,,,False
1563,1.572265625,1.556640625,1.564453125,15.625,True,0.3156106419914674,0.38556361198425293,True,,,False
1564,1.5869140625,1.55078125,1.56884765625,36.1328125,True,0.7297823302397438,0.39655423164367676,True,,,False
1565,1.6025390625,1.5419921875,1.572265625,60.546875,True,1.2230045390716766,0.38580322265625,True,,,False
1566,1.580078125,1.578125,1.5791015625,1.953125,True,0.03944850879985811,0.3883209228515625,True,,,False
1567,1.6171875,1.6416015625,1.62939453125,-24.4140625,True,0.49312106502428743,0.39385509490966797,True,,,False
1568,1.615234375,1.6318359375,1.62353515625,-16.6015625,True,0.3353080557458041,0.38471078872680664,True,,,False
1569,1.6259765625,1.6240234375,1.625,1.953125,True,0.03944803807486623,0.38652610778808594,True,,,False
1570,1.55859375,1.580078125,1.5693359375,-21.484375,True,0.43392849832471453,0.38537049293518066,True,,,False
1571,1.634765625,1.5654296875,1.60009765625,69.3359375,True,1.4004198808870354,0.39202213287353516,True,,,False
1572,1.46875,1.5068359375,1.48779296875,-38.0859375,True,0.7692563468199782,0.3870246410369873,True,,,False
1573,1.49609375,1.5029296875,1.49951171875,-6.8359375,True,0.1380672479961274,0.3702518939971924,True,,,False
1574,1.6201171875,1.6201171875,1.6201171875,0.0,True,0.0,0.3917829990386963,True,,,False
1575,1.638671875,1.62109375,1.6298828125,17.578125,True,0.3550472312401868,0.39078187942504883,True,,,False
1576,1.560546875,1.546875,1.5537109375,13.671875,True,0.27614204458392494,0.3857421875,True,,,False
1577,1.603515625,1.5810546875,1.59228515625,22.4609375,True,0.45366704385198825,0.39693665504455566,True,,,False
1578,1.509765625,1.5146484375,1.51220703125,-4.8828125,True,0.09862340164696215,0.38560962677001953,True,,,False
1579,1.548828125,1.5771484375,1.56298828125,-28.3203125,True,0.5719730804357778,0.3859381675720215,True,,,False
1580,1.640625,1.634765625,1.6376953125,5.859375,True,0.11833993917580146,0.3907787799835205,True,,,False
1581,1.4990234375,1.521484375,1.51025390625,-22.4609375,True,0.4536619602292286,0.3968682289123535,True,,,False
1582,1.5439453125,1.5341796875,1.5390625,9.765625,True,0.19724478095285994,0.3858773708343506,True,,,False
1583,1.4912109375,1.5205078125,1.505859375,-29.296875,True,0.5917301833886819,0.3862738609313965,True,,,False
1584,1.5615234375,1.55859375,1.56005859375,2.9296875,True,0.05917297835691301,0.4032101631164551,True,,,False
1585,1.525390625,1.5615234375,1.54345703125,-36.1328125,True,0.7297763584299584,0.3867342472076416,True,,,False
1586,1.5458984375,1.6142578125,1.580078125,-68.359375,True,1.380650545806322,0.3864753246307373,True,,,False
1587,1.603515625,1.640625,1.6220703125,-37.109375,True,0.7494935747927932,0.5095269680023193,True,,,False
1588,1.5625,1.5556640625,1.55908203125,6.8359375,True,0.13807053926016033,0.3879401683807373,True,,,False
1589,1.6064453125,1.5771484375,1.591796875,29.296875,True,0.5917252143937528,0.3863198757171631,True,,,False
1590,1.6162109375,1.6328125,1.62451171875,-16.6015625,True,0.33530710381663215,0.3941214084625244,True,,,False
1591,1.6025390625,1.6083984375,1.60546875,-5.859375,True,0.11834103836891059,0.39301156997680664,True,,,False
1592,1.5830078125,1.58984375,1.58642578125,-6.8359375,True,0.13806647997963087,0.3936452865600586,True,,,False
1593,1.6015625,1.53125,1.56640625,70.3125,True,1.4201887355843095,0.3986070156097412,True,,,False
1594,1.5400390625,1.5556640625,1.5478515625,-15.625,True,0.31558880385293486,0.40268492698669434,True,,,False
1595,1.5556640625,1.5576171875,1.556640625,-1.953125,True,0.039448460125911154,0.38939642906188965,True,,,False
1596,1.5556640625,1.599609375,1.57763671875,-43.9453125,True,0.8875764807372161,0.38495874404907227,True,,,False
1597,1.5703125,1.568359375,1.5693359375,1.953125,True,0.039448836409037916,0.3898639678955078,True,,,False
1598,1.525390625,1.5419921875,1.53369140625,-16.6015625,True,0.3353211804746457,0.38427257537841797,True,,,False
1599,1.5869140625,1.572265625,1.57958984375,14.6484375,True,0.29585886816779855,0.3849060535430908,True,,,False
1600,1.509765625,1.47265625,1.4912109375,37.109375,True,0.7494838727630466,0.3937356472015381,True,,,False
1601,1.5791015625,1.61328125,1.59619140625,-34.1796875,True,0.6903450038947686,0.5544333457946777,True,,,False
1602,1.56640625,1.544921875,1.5556640625,21.484375,True,0.4339156885720228,0.3853297233581543,True,,,False
1603,1.568359375,1.5673828125,1.56787109375,0.9765625,True,0.01972419767355283,0.3953893184661865,True,,,False
1604,1.60546875,1.6298828125,1.61767578125,-24.4140625,True,0.493090728850904,0.3830273151397705,True,,,False
1605,1.525390625,1.5234375,1.5244140625,1.953125,True,0.039447277698214746,0.38563036918640137,True,,,False
1606,1.5244140625,1.5263671875,1.525390625,-1.953125,True,0.039447429847990226,0.38324856758117676,True,,,False
1607,1.5537109375,1.5458984375,1.5498046875,7.8125,True,0.15779107510845725,0.3911447525024414,True,,,False
1608,1.6103515625,1.611328125,1.61083984375,-0.9765625,True,0.01972382603075779,0.38456130027770996,True,,,False
1609,1.5380859375,1.5361328125,1.537109375,1.953125,True,0.039448206752748634,0.38522887229919434,True,,,False
1610,1.634765625,1.6396484375,1.63720703125,-4.8828125,True,0.09862313125778435,0.4002218246459961,True,,,False
1611,1.509765625,1.513671875,1.51171875,-3.90625,True,0.07889228326031408,0.38350868225097656,True,,,False
1612,1.5380859375,1.5537109375,1.5458984375,-15.625,True,0.3155880731174616,0.38564085960388184,True,,,False
1613,1.5087890625,1.5263671875,1.517578125,-17.578125,True,0.35504241142372517,0.40248680114746094,True,,,False
1614,1.5302734375,1.5322265625,1.53125,-1.953125,True,0.039449265215890254,0.3820230960845947,True,,,False
1615,1.5546875,1.568359375,1.5615234375,-13.671875,True,0.2761420252576862,0.38573288917541504,True,,,False
1616,1.5478515625,1.5703125,1.55908203125,-22.4609375,True,0.45366306841042203,0.38558077812194824,True,,,False
1617,1.59375,1.642578125,1.6181640625,-48.828125,True,0.9861851264720346,0.39046621322631836,True,,,False
1618,1.6220703125,1.6005859375,1.611328125,21.484375,True,0.43390873846667716,0.38254380226135254,True,,,False
1619,1.6552734375,1.6455078125,1.650390625,9.765625,True,0.1972491182855781,0.3849313259124756,True,,,False
1620,1.5849609375,1.6005859375,1.5927734375,-15.625,True,0.3155834341558892,0.40001511573791504,True,,,False
1621,1.55078125,1.5244140625,1.53759765625,26.3671875,True,0.5325457314791094,0.3842957019805908,True,,,False
1622,1.513671875,1.5322265625,1.52294921875,-18.5546875,True,0.37475444648699086,0.3837614059448242,True,,,False
1623,1.52734375,1.5068359375,1.51708984375,20.5078125,True,0.41420609550541826,0.39603376388549805,True,,,False
1624,1.6025390625,1.5908203125,1.5966796875,11.71875,True,0.23668843527356845,0.39176249504089355,True,,,False
1625,1.59765625,1.59375,1.595703125,3.90625,True,0.07889953482963495,0.3833787441253662,True,,,False
1626,1.5205078125,1.5078125,1.51416015625,12.6953125,True,0.25642004305997745,0.3841118812561035,True,,,False
1627,1.5390625,1.58984375,1.564453125,-50.78125,True,1.0256697540134507,0.3968994617462158,True,,,False
1628,1.666015625,1.6220703125,1.64404296875,43.9453125,True,0.887587755071157,0.3897981643676758,True,,,False
1629,1.546875,1.58203125,1.564453125,-35.15625,True,0.7100483271572421,0.3842167854309082,True,,,False
1630,1.5595703125,1.4912109375,1.525390625,68.359375,True,1.3807101303613358,0.39228034019470215,True,,,False
1631,1.546875,1.63671875,1.591796875,-89.84375,True,1.8145809525213414,0.3835575580596924,True,,,False
1632,1.5751953125,1.541015625,1.55810546875,34.1796875,True,0.6903166854468554,0.38500070571899414,True,,,False
1633,1.548828125,1.5390625,1.5439453125,9.765625,True,0.19723540402536566,0.38648557662963867,True,,,False
1634,1.5615234375,1.5810546875,1.5712890625,-19.53125,True,0.39446751931522483,0.3908379077911377,True,,,False
1635,1.5732421875,1.546875,1.56005859375,26.3671875,True,0.5325649922487005,0.3869786262512207,True,,,False
1636,1.580078125,1.615234375,1.59765625,-35.15625,True,0.7100680572775828,0.3873884677886963,True,,,False
1637,1.6015625,1.587890625,1.5947265625,13.671875,True,0.27613752585009893,0.392972469329834,True,,,False
1638,1.5576171875,1.5830078125,1.5703125,-25.390625,True,0.5128033924338312,0.3847358226776123,True,,,False
1639,1.6318359375,1.6083984375,1.6201171875,23.4375,True,0.4733996106461267,0.385082483291626,True,,,False
1640,1.615234375,1.55859375,1.5869140625,56.640625,True,1.1439838972988945,0.3949093818664551,True,,,False
1641,1.5771484375,1.5791015625,1.578125,-1.953125,True,0.03944862284621069,0.38767528533935547,True,,,False
1642,1.556640625,1.541015625,1.548828125,15.625,True,0.3155775910515326,0.38405537605285645,True,,,False
1643,1.576171875,1.564453125,1.5703125,11.71875,True,0.2366923579771034,0.38782358169555664,True,,,False
1644,1.591796875,1.5771484375,1.58447265625,14.6484375,True,0.2958437317290621,0.3942379951477051,True,,,False
1645,1.58203125,1.634765625,1.6083984375,-52.734375,True,1.0650662252720093,0.38860630989074707,True,,,False
1646,1.57421875,1.5888671875,1.58154296875,-14.6484375,True,0.2958623875950601,0.385390043258667,True,,,False
1647,1.5595703125,1.541015625,1.55029296875,18.5546875,True,0.37476752685762504,0.394428014755249,True,,,False
1648,1.5302734375,1.6220703125,1.576171875,-91.796875,True,1.854115127224021,0.3899219036102295,True,,,False
1649,1.53125,1.5595703125,1.54541015625,-28.3203125,True,0.572011342311638,0.3860025405883789,True,,,False
1650,1.625,1.646484375,1.6357421875,-21.484375,True,0.4339563089570961,0.39629125595092773,True,,,False
1651,1.4951171875,1.4931640625,1.494140625,1.953125,True,0.03944995183989047,0.38707661628723145,True,,,False
1652,1.4970703125,1.5400390625,1.5185546875,-42.96875,True,0.8678303881096743,0.3866250514984131,True,,,False
1653,1.60546875,1.6064453125,1.60595703125,-0.9765625,True,0.019723881489446937,0.3883512020111084,True,,,False
1654,1.55078125,1.509765625,1.5302734375,41.015625,True,0.8284300719642337,0.3925306797027588,True,,,False
1655,1.568359375,1.552734375,1.560546875,15.625,True,0.3156037793790186,0.3886427879333496,True,,,False
1656,1.6064453125,1.630859375,1.61865234375,-24.4140625,True,0.49309686551855914,0.3882112503051758,True,,,False
1657,1.611328125,1.61328125,1.6123046875,-1.953125,True,0.03944902301524066,0.3951890468597412,True,,,False
1658,1.6044921875,1.5986328125,1.6015625,5.859375,True,0.11834190911062642,0.38657236099243164,True,,,False
1659,1.5625,1.509765625,1.5361328125,52.734375,True,1.0651187186281017,0.3873941898345947,True,,,False
1660,1.55078125,1.5791015625,1.56494140625,-28.3203125,True,0.571939385808272,0.39356303215026855,True,,,False
1661,1.5703125,1.5771484375,1.57373046875,-6.8359375,True,0.13806085744876667,0.39104413986206055,True,,,False
1662,1.5322265625,1.546875,1.53955078125,-14.6484375,True,0.2958581003305017,0.3863551616668701,True,,,False
1663,1.5791015625,1.5966796875,1.587890625,-17.578125,True,0.35503822067093566,0.3867974281311035,True,,,False
1664,1.578125,1.603515625,1.5908203125,-25.390625,True,0.5128247635243954,0.39266443252563477,True,,,False
1665,1.5400390625,1.5712890625,1.5556640625,-31.25,True,0.6311889316882884,0.390336275100708,True,,,False
1666,1.578125,1.583984375,1.5810546875,-5.859375,True,0.11834400292094714,0.38605451583862305,True,,,False
1667,1.59375,1.5888671875,1.59130859375,4.8828125,True,0.09862593142009302,0.39305901527404785,True,,,False
1668,1.5439453125,1.544921875,1.54443359375,-0.9765625,True,0.01972365563805097,0.3859133720397949,True,,,False
1669,1.5390625,1.529296875,1.5341796875,9.765625,True,0.19723601633263937,0.38318467140197754,True,,,False
1670,1.5859375,1.580078125,1.5830078125,5.859375,True,0.11834288317989598,0.3952467441558838,True,,,False
1671,1.5244140625,1.5341796875,1.529296875,-9.765625,True,0.19723570699165432,0.49623870849609375,True,,,False
1672,1.548828125,1.5654296875,1.55712890625,-16.6015625,True,0.33530153180011124,0.39700818061828613,True,,,False
1673,1.5849609375,1.61328125,1.59912109375,-28.3203125,True,0.5720201605352159,0.39240145683288574,True,,,False
1674,1.5869140625,1.552734375,1.56982421875,34.1796875,True,0.6903294816784609,0.3876988887786865,True,,,False
1675,1.591796875,1.5810546875,1.58642578125,10.7421875,True,0.21696193150501392,0.3878312110900879,True,,,False
1676,1.5234375,1.5478515625,1.53564453125,-24.4140625,True,0.4931223011880198,0.38677334785461426,True,,,False
1677,1.5322265625,1.5224609375,1.52734375,9.765625,True,0.1972416455821604,0.39478158950805664,True,,,False
1678,1.591796875,1.537109375,1.564453125,54.6875,True,1.104520068879938,0.3883168697357178,True,,,False
1679,1.609375,1.5712890625,1.59033203125,38.0859375,True,0.7692363670663732,0.388103723526001,True,,,False
1680,1.591796875,1.615234375,1.603515625,-23.4375,True,0.47335323576894534,0.3978462219238281,True,,,False
1681,1.5732421875,1.5498046875,1.5615234375,23.4375,True,0.4733893245946332,0.3934667110443115,True,,,False
1682,1.5498046875,1.52734375,1.53857421875,22.4609375,True,0.45363878413031156,0.3918304443359375,True,,,False
1683,1.583984375,1.5888671875,1.58642578125,-4.8828125,True,0.09861641633656303,0.3929603099822998,True,,,False
1684,1.521484375,1.548828125,1.53515625,-27.34375,True,0.5522540708767616,0.39832425117492676,True,,,False
1685,1.5517578125,1.578125,1.56494140625,-26.3671875,True,0.5325281209780804,0.38579273223876953,True,,,False
1686,1.568359375,1.6552734375,1.61181640625,-86.9140625,True,1.755471134893606,0.38774919509887695,True,,,False
1687,1.5888671875,1.587890625,1.58837890625,0.9765625,True,0.019723621485392428,0.4013643264770508,True,,,False
1688,1.5244140625,1.5341796875,1.529296875,-9.765625,True,0.19723569343053537,0.388887882232666,True,,,False
1689,1.671875,1.6689453125,1.67041015625,2.9296875,True,0.05917164094238737,0.3897819519042969,True,,,False
1690,1.5546875,1.5439453125,1.54931640625,10.7421875,True,0.21696348518073727,0.39751410484313965,True,,,False
1691,1.654296875,1.6015625,1.6279296875,52.734375,True,1.0651355927159498,0.3847792148590088,True,,,False
1692,1.5419921875,1.552734375,1.54736328125,-10.7421875,True,0.21695534948764236,0.384951114654541,True,,,False
1693,1.4921875,1.4658203125,1.47900390625,26.3671875,True,0.5325683686757459,0.3875594139099121,True,,,False
1694,1.3251953125,1.421875,1.37353515625,-96.6796875,True,1.9526789324541503,0.3840458393096924,True,,,False
1695,1.6474609375,1.5615234375,1.6044921875,85.9375,True,1.7357598239205612,0.38391923904418945,True,,,False
1696,1.5419921875,1.5654296875,1.5537109375,-23.4375,True,0.4733672232893727,0.3898015022277832,True,,,False
1697,1.5205078125,1.560546875,1.54052734375,-40.0390625,True,0.80873273570388,0.39450883865356445,True,,,False
1698,1.6162109375,1.6357421875,1.6259765625,-19.53125,True,0.3944869978979633,0.3866398334503174,True,,,False
1699,1.5849609375,1.609375,1.59716796875,-24.4140625,True,0.49307294987265776,0.3861424922943115,True,,,False
1700,1.634765625,1.61328125,1.6240234375,21.484375,True,0.43393108231401095,0.4011702537536621,True,,,False
1701,1.5908203125,1.57421875,1.58251953125,16.6015625,True,0.33530950268915954,0.6435973644256592,True,,,False
1702,1.6083984375,1.634765625,1.62158203125,-26.3671875,True,0.5325573469231135,0.38710546493530273,True,,,False
1703,1.5322265625,1.4912109375,1.51171875,41.015625,True,0.8283982714569317,0.4090566635131836,True,,,False
1704,1.5380859375,1.533203125,1.53564453125,4.8828125,True,0.0986235456956176,0.3857614994049072,True,,,False
1705,1.5498046875,1.5537109375,1.5517578125,-3.90625,True,0.07889565953727179,0.38594841957092285,True,,,False
1706,1.521484375,1.5478515625,1.53466796875,-26.3671875,True,0.5325697901449502,0.38705897331237793,True,,,False
1707,1.505859375,1.5048828125,1.50537109375,0.9765625,True,0.019724646980351486,0.39433765411376953,True,,,False
1708,1.611328125,1.642578125,1.626953125,-31.25,True,0.6311489868272842,0.3883545398712158,True,,,False
1709,1.5693359375,1.5634765625,1.56640625,5.859375,True,0.11834684921886067,0.38733768463134766,True,,,False
1710,1.5263671875,1.6123046875,1.5693359375,-85.9375,True,1.7357186249594796,0.390148401260376,True,,,False
1711,1.560546875,1.57421875,1.5673828125,-13.671875,True,0.2761454401091495,0.38567328453063965,True,,,False
1712,1.5751953125,1.611328125,1.59326171875,-36.1328125,True,0.7297610716082423,0.38757753372192383,True,,,False
1713,1.54296875,1.560546875,1.5517578125,-17.578125,True,0.35503791182526384,0.391155481338501,True,,,False
1714,1.4990234375,1.55078125,1.52490234375,-51.7578125,True,1.0454085111180316,0.3897063732147217,True,,,False
1715,1.546875,1.552734375,1.5498046875,-5.859375,True,0.11835255203789041,0.3854179382324219,True,,,False
1716,1.6162109375,1.5849609375,1.6005859375,31.25,True,0.6311850583580746,0.38483309745788574,True,,,False
1717,1.564453125,1.611328125,1.587890625,-46.875,True,0.9467750715618152,0.39710497856140137,True,,,False
1718,1.6083984375,1.6025390625,1.60546875,5.859375,True,0.11833625613123809,0.38845205307006836,True,,,False
1719,1.5380859375,1.5361328125,1.537109375,1.953125,True,0.03945008854753853,0.38921189308166504,True,,,False
1720,1.5380859375,1.5126953125,1.525390625,25.390625,True,0.5128322372914657,0.39179563522338867,True,,,False
1721,1.5380859375,1.517578125,1.52783203125,20.5078125,True,0.4141833791150031,0.38712334632873535,True,,,False
1722,1.5478515625,1.5419921875,1.544921875,5.859375,True,0.11834532980856677,0.3852994441986084,True,,,False
1723,1.5166015625,1.552734375,1.53466796875,-36.1328125,True,0.7297899583114821,0.39302587509155273,True,,,False
1724,1.5908203125,1.537109375,1.56396484375,53.7109375,True,1.0848258836387439,0.39269542694091797,True,,,False
1725,1.568359375,1.56640625,1.5673828125,1.953125,True,0.03944888911538521,0.38872838020324707,True,,,False
1726,1.5078125,1.583984375,1.5458984375,-76.171875,True,1.5385530038644544,0.38503217697143555,True,,,False
1727,1.5810546875,1.595703125,1.58837890625,-14.6484375,True,0.29586083100697225,0.39353251457214355,True,,,False
1728,1.5634765625,1.568359375,1.56591796875,-4.8828125,True,0.09862282274534749,0.38728880882263184,True,,,False
1729,1.5888671875,1.5576171875,1.5732421875,31.25,True,0.631157410655888,0.39136624336242676,True,,,False
1730,1.6025390625,1.6142578125,1.6083984375,-11.71875,True,0.23668816428380626,0.3983781337738037,True,,,False
1731,1.5537109375,1.5595703125,1.556640625,-5.859375,True,0.11834632138803321,0.3880436420440674,True,,,False
1732,1.607421875,1.583984375,1.595703125,23.4375,True,0.4733828929925076,0.393033504486084,True,,,False
1733,1.5498046875,1.5185546875,1.5341796875,31.25,True,0.6311989249885218,0.39562177658081055,True,,,False
1734,1.56640625,1.5712890625,1.56884765625,-4.8828125,True,0.09862195139052984,0.39487648010253906,True,,,False
1735,1.6103515625,1.5908203125,1.6005859375,19.53125,True,0.39448184797379854,0.39134907722473145,True,,,False
1736,1.513671875,1.5302734375,1.52197265625,-16.6015625,True,0.3353233044350495,0.3901631832122803,True,,,False
1737,1.5341796875,1.52734375,1.53076171875,6.8359375,True,0.13806876357111647,0.39301586151123047,True,,,False
1738,1.5703125,1.65625,1.61328125,-85.9375,True,1.7356810574642845,0.38753509521484375,True,,,False
1739,1.53125,1.5478515625,1.53955078125,-16.6015625,True,0.33529856224295607,0.3871467113494873,True,,,False
1740,1.5986328125,1.6025390625,1.6005859375,-3.90625,True,0.07889053409576173,0.39365172386169434,True,,,False
1741,1.5615234375,1.578125,1.56982421875,-16.6015625,True,0.33530820646212345,0.3940701484680176,True,,,False
1742,1.619140625,1.6357421875,1.62744140625,-16.6015625,True,0.3353269780096682,0.38562965393066406,True,,,False
1743,1.6337890625,1.5966796875,1.615234375,37.109375,True,0.7495113901743802,0.38881945610046387,True,,,False
1744,1.5927734375,1.599609375,1.59619140625,-6.8359375,True,0.13807124278583782,0.39961743354797363,True,,,False
1745,1.583984375,1.5830078125,1.58349609375,0.9765625,True,0.01972389390279844,0.38741087913513184,True,,,False
1746,1.529296875,1.521484375,1.525390625,7.8125,True,0.15779082118281307,0.3870503902435303,True,,,False
1747,1.5751953125,1.583984375,1.57958984375,-8.7890625,True,0.17751442585858343,0.39129638671875,True,,,False
1748,1.5986328125,1.5498046875,1.57421875,48.828125,True,0.9862254172163062,0.38671088218688965,True,,,False
1749,1.6123046875,1.603515625,1.60791015625,8.7890625,True,0.17752617953002692,0.38944268226623535,True,,,False
1750,1.587890625,1.6015625,1.5947265625,-13.671875,True,0.27614020856649335,0.39635539054870605,True,,,False
1751,1.5478515625,1.5595703125,1.5537109375,-11.71875,True,0.23668714776651248,0.38776183128356934,True,,,False
1752,1.5595703125,1.5576171875,1.55859375,1.953125,True,0.0394493110583772,0.38768911361694336,True,,,False
1753,1.5908203125,1.5302734375,1.560546875,60.546875,True,1.2228712655259693,0.38926243782043457,True,,,False
1754,1.5205078125,1.572265625,1.54638671875,-51.7578125,True,1.0453893215888508,0.3996717929840088,True,,,False
1755,1.54296875,1.525390625,1.5341796875,17.578125,True,0.3550110739423379,0.38709402084350586,True,,,False
1756,1.5849609375,1.59765625,1.59130859375,-12.6953125,True,0.2564113626463044,0.38538479804992676,True,,,False
1757,1.6396484375,1.5703125,1.60498046875,69.3359375,True,1.4003744432142267,0.5000784397125244,True,,,False
1758,1.5263671875,1.54296875,1.53466796875,-16.6015625,True,0.3352958856985613,0.3948822021484375,True,,,False
1759,1.5361328125,1.5498046875,1.54296875,-13.671875,True,0.27612475518532664,0.3895883560180664,True,,,False
1760,1.5234375,1.5732421875,1.54833984375,-49.8046875,True,1.0059552358552473,0.3941528797149658,True,,,False
1761,1.5712890625,1.5361328125,1.5537109375,35.15625,True,0.7100841211837363,0.38889193534851074,True,,,False
1762,1.607421875,1.578125,1.5927734375,29.296875,True,0.5917230336679679,0.38704442977905273,True,,,False
1763,1.5615234375,1.568359375,1.56494140625,-6.8359375,True,0.13806356246472387,0.3936190605163574,True,,,False
1764,1.5439453125,1.5791015625,1.5615234375,-35.15625,True,0.7100527572360555,0.39493799209594727,True,,,False
1765,1.560546875,1.568359375,1.564453125,-7.8125,True,0.15779771277052546,0.38744568824768066,True,,,False
1766,1.5615234375,1.560546875,1.56103515625,0.9765625,True,0.019723651386492597,0.3880887031555176,True,,,False
1767,1.60546875,1.615234375,1.6103515625,-9.765625,True,0.19722929387812058,0.3920302391052246,True,,,False
1768,1.5859375,1.5908203125,1.58837890625,-4.8828125,True,0.09862360595212498,0.38741064071655273,True,,,False
1769,1.6142578125,1.6005859375,1.607421875,13.671875,True,0.27613906157037416,0.38849544525146484,True,,,False
1770,1.552734375,1.6298828125,1.59130859375,-77.1484375,True,1.5582006051742454,0.3973221778869629,True,,,False
1771,1.580078125,1.544921875,1.5625,35.15625,True,0.7100794535608824,0.38903260231018066,True,,,False
1772,1.5888671875,1.568359375,1.57861328125,20.5078125,True,0.41422642760593037,0.4053034782409668,True,,,False
1773,1.5205078125,1.5517578125,1.5361328125,-31.25,True,0.6311471382281789,0.4023277759552002,True,,,False
1774,1.5341796875,1.5146484375,1.5244140625,19.53125,True,0.39450274545388186,0.38889312744140625,True,,,False
1775,1.529296875,1.5751953125,1.55224609375,-45.8984375,True,0.927100667507766,0.3876054286956787,True,,,False
1776,1.564453125,1.587890625,1.576171875,-23.4375,True,0.4733992282684493,0.3893396854400635,True,,,False
1777,1.517578125,1.474609375,1.49609375,42.96875,True,0.867831075393426,0.39404797554016113,True,,,False
1778,1.599609375,1.591796875,1.595703125,7.8125,True,0.1577955623140781,0.38460445404052734,True,,,False
1779,1.58203125,1.61328125,1.59765625,-31.25,True,0.6311719329960725,0.3883981704711914,True,,,False
1780,1.5322265625,1.5302734375,1.53125,1.953125,True,0.0394471198546834,0.39546728134155273,True,,,False
1781,1.607421875,1.6572265625,1.63232421875,-49.8046875,True,1.0059362125367426,0.3866899013519287,True,,,False
1782,1.599609375,1.61328125,1.6064453125,-13.671875,True,0.2761443004247339,0.39366674423217773,True,,,False
1783,1.5849609375,1.54296875,1.56396484375,41.9921875,True,0.8481282626134093,0.39850497245788574,True,,,False
1784,1.634765625,1.630859375,1.6328125,3.90625,True,0.07889914896316744,0.39069271087646484,True,,,False
1785,1.5576171875,1.5478515625,1.552734375,9.765625,True,0.19724114774111912,0.3905940055847168,True,,,False
1786,1.5595703125,1.56640625,1.56298828125,-6.8359375,True,0.13806481476580953,0.3873574733734131,True,,,False
1787,1.6650390625,1.64453125,1.65478515625,20.5078125,True,0.41421778052373354,0.39434146881103516,True,,,False
1788,1.5595703125,1.6083984375,1.583984375,-48.828125,True,0.9862582938800345,0.3884317874908447,True,,,False
1789,1.55078125,1.5439453125,1.54736328125,6.8359375,True,0.1380644980050824,0.3857536315917969,True,,,False
1790,1.5439453125,1.537109375,1.54052734375,6.8359375,True,0.1380707132311289,0.39981985092163086,True,,,False
1791,1.5458984375,1.5498046875,1.5478515625,-3.90625,True,0.07890016225056935,0.38712191581726074,True,,,False
1792,1.595703125,1.5537109375,1.57470703125,41.9921875,True,0.8481303323156764,0.3857536315917969,True,,,False
1793,1.5830078125,1.5771484375,1.580078125,5.859375,True,0.11834429557835778,0.3949317932128906,True,,,False
1794,1.5498046875,1.544921875,1.54736328125,4.8828125,True,0.09862256286751399,0.39263200759887695,True,,,False
1795,1.6298828125,1.591796875,1.61083984375,38.0859375,True,0.7692713021026124,0.38713574409484863,True,,,False
1796,1.6494140625,1.544921875,1.59716796875,104.4921875,True,2.1106273414826173,0.395247220993042,True,,,False
1797,1.5654296875,1.544921875,1.55517578125,20.5078125,True,0.4142044499124937,0.39565014839172363,True,,,False
1798,1.57421875,1.6064453125,1.59033203125,-32.2265625,True,0.6508705147335693,0.39151573181152344,True,,,False
1799,1.599609375,1.59765625,1.5986328125,1.953125,True,0.03944803736811559,0.3886749744415283,True,,,False
1800,1.560546875,1.5869140625,1.57373046875,-26.3671875,True,0.532553247200688,0.39507627487182617,True,,,False
1801,1.5751953125,1.5986328125,1.5869140625,-23.4375,True,0.47338450398374016,0.6471612453460693,True,,,False
1802,1.6142578125,1.5986328125,1.6064453125,15.625,True,0.3155837558484658,0.3888258934020996,True,,,False
1803,1.66015625,1.654296875,1.6572265625,5.859375,True,0.1183345388520722,0.3942108154296875,True,,,False
1804,1.6484375,1.5869140625,1.61767578125,61.5234375,True,1.242632302884329,0.38520002365112305,True,,,False
1805,1.5439453125,1.5546875,1.54931640625,-10.7421875,True,0.21697613049602835,0.38797950744628906,True,,,False
1806,1.490234375,1.5234375,1.5068359375,-33.203125,True,0.6706301787171517,0.38958120346069336,True,,,False
1807,1.5244140625,1.5185546875,1.521484375,5.859375,True,0.11835020845277999,0.3860790729522705,True,,,False
1808,1.482421875,1.4921875,1.4873046875,-9.765625,True,0.19724242400764672,0.38381338119506836,True,,,False
1809,1.59375,1.529296875,1.5615234375,64.453125,True,1.3017595774099733,0.392911434173584,True,,,False
1810,1.568359375,1.5205078125,1.54443359375,47.8515625,True,0.9664899262268685,0.3861348628997803,True,,,False
1811,1.537109375,1.58984375,1.5634765625,-52.734375,True,1.0650898438826932,0.38885021209716797,True,,,False
1812,1.5458984375,1.5361328125,1.541015625,9.765625,True,0.19724175972555824,0.38548898696899414,True,,,False
1813,1.5830078125,1.5986328125,1.5908203125,-15.625,True,0.31558241876560417,0.3986227512359619,True,,,False
1814,1.57421875,1.5693359375,1.57177734375,4.8828125,True,0.09861921984022255,0.3901333808898926,True,,,False
1815,1.5908203125,1.6171875,1.60400390625,-26.3671875,True,0.5325337376687167,0.3716263771057129,True,,,False
1816,1.490234375,1.515625,1.5029296875,-25.390625,True,0.5127914090614496,0.39835214614868164,True,,,False
1817,1.51953125,1.5263671875,1.52294921875,-6.8359375,True,0.1380660332767252,0.3868386745452881,True,,,False
1818,1.5029296875,1.50390625,1.50341796875,-0.9765625,True,0.019724285077727513,0.38738298416137695,True,,,False
1819,1.55859375,1.552734375,1.5556640625,5.859375,True,0.11834811315453138,0.3929636478424072,True,,,False
1820,1.5810546875,1.568359375,1.57470703125,12.6953125,True,0.2564190424692447,0.38764333724975586,True,,,False
1821,1.5673828125,1.5830078125,1.5751953125,-15.625,True,0.3155834656463824,0.3863210678100586,True,,,False
1822,1.5546875,1.55078125,1.552734375,3.90625,True,0.07889721387993777,0.386852502822876,True,,,False
1823,1.5703125,1.572265625,1.5712890625,-1.953125,True,0.03944855168232481,0.39676499366760254,True,,,False
1824,1.61328125,1.59375,1.603515625,19.53125,True,0.39446103576703556,0.3874094486236572,True,,,False
1825,1.5888671875,1.568359375,1.57861328125,20.5078125,True,0.41419705197302414,0.3881199359893799,True,,,False
1826,1.55859375,1.5439453125,1.55126953125,14.6484375,True,0.2958549103066544,0.39637303352355957,True,,,False
1827,1.5849609375,1.57421875,1.57958984375,10.7421875,True,0.21696606784787756,0.3881237506866455,True,,,False
1828,1.5849609375,1.583984375,1.58447265625,0.9765625,True,0.019724630867995415,0.38747715950012207,True,,,False
1829,1.6396484375,1.7265625,1.68310546875,-86.9140625,True,1.7554083539760357,0.4013698101043701,True,,,False
1830,1.572265625,1.6552734375,1.61376953125,-83.0078125,True,1.6765690214510505,0.38552236557006836,True,,,False
1831,1.5712890625,1.576171875,1.57373046875,-4.8828125,True,0.09861427975937917,0.3846726417541504,True,,,False
1832,1.548828125,1.5498046875,1.54931640625,-0.9765625,True,0.01972444875764028,0.38814520835876465,True,,,False
1833,1.5654296875,1.5498046875,1.5576171875,15.625,True,0.31557959962359405,0.3913614749908447,True,,,False
1834,1.58984375,1.59375,1.591796875,-3.90625,True,0.07889664588569957,0.3903641700744629,True,,,False
1835,1.51953125,1.5458984375,1.53271484375,-26.3671875,True,0.5325396172145668,0.3871943950653076,True,,,False
1836,1.6044921875,1.638671875,1.62158203125,-34.1796875,True,0.6903364892726772,0.4013667106628418,True,,,False
1837,1.583984375,1.564453125,1.57421875,19.53125,True,0.3944542925644957,0.3854851722717285,True,,,False
1838,1.5947265625,1.6064453125,1.6005859375,-11.71875,True,0.2366886986535077,0.38753581047058105,True,,,False
1839,1.6142578125,1.587890625,1.60107421875,26.3671875,True,0.5325401145399686,0.40057969093322754,True,,,False
1840,1.5673828125,1.583984375,1.57568359375,-16.6015625,True,0.3353153278009951,0.38625049591064453,True,,,False
1841,1.5830078125,1.5966796875,1.58984375,-13.671875,True,0.27613282175079057,0.3923773765563965,True,,,False
1842,1.5908203125,1.5634765625,1.5771484375,27.34375,True,0.55230309047544,0.38480520248413086,True,,,False
1843,1.5185546875,1.51953125,1.51904296875,-0.9765625,True,0.01972443733790101,0.39206433296203613,True,,,False
1844,1.6005859375,1.5595703125,1.580078125,41.015625,True,0.8284267591198895,0.39139270782470703,True,,,False
1845,1.5244140625,1.537109375,1.53076171875,-12.6953125,True,0.25641407241979797,0.386721134185791,True,,,False
1846,1.6982421875,1.673828125,1.68603515625,24.4140625,True,0.4931138073864834,0.40029406547546387,True,,,False
1847,1.513671875,1.52734375,1.5205078125,-13.671875,True,0.2761387273172727,0.3852231502532959,True,,,False
1848,1.5302734375,1.5146484375,1.5224609375,15.625,True,0.3155864597232274,0.3930966854095459,True,,,False
1849,1.62109375,1.59765625,1.609375,23.4375,True,0.47337811932702684,0.49668002128601074,True,,,False
1850,1.5595703125,1.5380859375,1.548828125,21.484375,True,0.4339250028114847,0.39749622344970703,True,,,False
1851,1.57421875,1.5224609375,1.54833984375,51.7578125,True,1.0453273162677645,0.39197564125061035,True,,,False
1852,1.611328125,1.6298828125,1.62060546875,-18.5546875,True,0.37476170750005894,0.3955705165863037,True,,,False
1853,1.5703125,1.546875,1.55859375,23.4375,True,0.4733857161808698,0.39591145515441895,True,,,False
1854,1.58203125,1.544921875,1.5634765625,37.109375,True,0.7495330508852787,0.391448974609375,True,,,False
1855,1.5400390625,1.529296875,1.53466796875,10.7421875,True,0.216965154145447,0.38579821586608887,True,,,False
1856,1.6328125,1.5927734375,1.61279296875,40.0390625,True,0.8086795912386894,0.3938283920288086,True,,,False
1857,1.5888671875,1.5966796875,1.5927734375,-7.8125,True,0.15780029912238303,0.3881654739379883,True,,,False
1858,1.5654296875,1.5859375,1.57568359375,-20.5078125,True,0.4141974673245453,0.383587121963501,True,,,False
1859,1.443359375,1.5302734375,1.48681640625,-86.9140625,True,1.7554561620268418,0.4035451412200928,True,,,False
1860,1.5654296875,1.5625,1.56396484375,2.9296875,True,0.05917100121354839,0.3920590877532959,True,,,False
1861,1.623046875,1.6025390625,1.61279296875,20.5078125,True,0.414192155717337,0.38742637634277344,True,,,False
1862,1.58203125,1.58203125,1.58203125,0.0,True,0.0,0.39487719535827637,True,,,False
1863,1.59765625,1.6337890625,1.61572265625,-36.1328125,True,0.7297758725033393,0.385758638381958,True,,,False
1864,1.4990234375,1.5078125,1.50341796875,-8.7890625,True,0.1775171815793061,0.3853328227996826,True,,,False
1865,1.5263671875,1.5576171875,1.5419921875,-31.25,True,0.6311439306400424,0.38683128356933594,True,,,False
1866,1.5517578125,1.560546875,1.55615234375,-8.7890625,True,0.17751185665753927,0.39220499992370605,True,,,False
1867,1.5830078125,1.56640625,1.57470703125,16.6015625,True,0.33529200784086793,0.384166955947876,True,,,False
1868,1.572265625,1.560546875,1.56640625,11.71875,True,0.23669765578682928,0.3869516849517822,True,,,False
1869,1.5166015625,1.470703125,1.49365234375,45.8984375,True,0.9270615732628231,0.4036099910736084,True,,,False
1870,1.6689453125,1.654296875,1.66162109375,14.6484375,True,0.29586070394978214,0.3862278461456299,True,,,False
1871,1.5791015625,1.59765625,1.58837890625,-18.5546875,True,0.3747515998048685,0.38528990745544434,True,,,False
1872,1.5107421875,1.5048828125,1.5078125,5.859375,True,0.11834973577669365,0.3932178020477295,True,,,False
1873,1.5869140625,1.6064453125,1.5966796875,-19.53125,True,0.3944765648710788,0.38413214683532715,True,,,False
1874,1.58203125,1.5849609375,1.58349609375,-2.9296875,True,0.05917416908050874,0.38441014289855957,True,,,False
1875,1.6748046875,1.6181640625,1.646484375,56.640625,True,1.1440221701390694,0.38475704193115234,True,,,False
1876,1.5419921875,1.5654296875,1.5537109375,-23.4375,True,0.4733731568269168,0.3980529308319092,True,,,False
1877,1.5712890625,1.5498046875,1.560546875,21.484375,True,0.4338999939405145,0.38608670234680176,True,,,False
1878,1.6162109375,1.66796875,1.64208984375,-51.7578125,True,1.0454233160990403,0.3844606876373291,True,,,False
1879,1.525390625,1.56640625,1.5458984375,-41.015625,True,0.8283953449617165,0.3903779983520508,True,,,False
1880,1.517578125,1.5283203125,1.52294921875,-10.7421875,True,0.2169586404849217,0.3888437747955322,True,,,False
1881,1.525390625,1.5302734375,1.52783203125,-4.8828125,True,0.09861892476677574,0.39270663261413574,True,,,False
1882,1.5634765625,1.5791015625,1.5712890625,-15.625,True,0.3155895204862057,0.4053685665130615,True,,,False
1883,1.5830078125,1.5615234375,1.572265625,21.484375,True,0.43392335229696727,0.3864917755126953,True,,,False
1884,1.5546875,1.5380859375,1.54638671875,16.6015625,True,0.33532291037986167,0.38773536682128906,True,,,False
1885,1.5380859375,1.55859375,1.54833984375,-20.5078125,True,0.4142219299651767,0.39273834228515625,True,,,False
1886,1.587890625,1.587890625,1.587890625,0.0,True,0.0,0.3929157257080078,True,,,False
1887,1.509765625,1.509765625,1.509765625,0.0,True,0.0,0.3846580982208252,True,,,False
1888,1.5732421875,1.5869140625,1.580078125,-13.671875,True,0.2761306008393861,0.38573741912841797,True,,,False
1889,1.6357421875,1.576171875,1.60595703125,59.5703125,True,1.2031331506495817,0.40204715728759766,True,,,False
1890,1.5400390625,1.587890625,1.56396484375,-47.8515625,True,0.9664501449872641,0.3838198184967041,True,,,False
1891,1.5400390625,1.5107421875,1.525390625,29.296875,True,0.5916965860467396,0.3867034912109375,True,,,False
1892,1.51953125,1.541015625,1.5302734375,-21.484375,True,0.4339442271294486,0.39414525032043457,True,,,False
1893,1.5205078125,1.5576171875,1.5390625,-37.109375,True,0.7495257303178384,0.3854513168334961,True,,,False
1894,1.49609375,1.498046875,1.4970703125,-1.953125,True,0.039449207869577924,0.38443946838378906,True,,,False
1895,1.4990234375,1.5302734375,1.5146484375,-31.25,True,0.631141828098502,0.38604259490966797,True,,,False
1896,1.609375,1.5361328125,1.57275390625,73.2421875,True,1.4793565038046153,0.3917236328125,True,,,False
1897,1.5341796875,1.5654296875,1.5498046875,-31.25,True,0.6311293138537313,0.3860642910003662,True,,,False
1898,1.5341796875,1.556640625,1.54541015625,-22.4609375,True,0.45366498622070556,0.3887200355529785,True,,,False
1899,1.576171875,1.5498046875,1.56298828125,26.3671875,True,0.5325538859718656,0.3997619152069092,True,,,False
1900,1.59765625,1.57421875,1.5859375,23.4375,True,0.4733956094144539,0.3863663673400879,True,,,False
1901,1.6474609375,1.6279296875,1.6376953125,19.53125,True,0.3944775135385315,0.5453083515167236,True,,,False
1902,1.5380859375,1.5537109375,1.5458984375,-15.625,True,0.31559562809042313,0.3926076889038086,True,,,False
1903,1.568359375,1.5673828125,1.56787109375,0.9765625,True,0.019723583892989307,0.3887503147125244,True,,,False
1904,1.568359375,1.5458984375,1.55712890625,22.4609375,True,0.45361334547063,0.3890547752380371,True,,,False
1905,1.60546875,1.595703125,1.6005859375,9.765625,True,0.1972397035053804,0.3907756805419922,True,,,False
1906,1.66015625,1.7060546875,1.68310546875,-45.8984375,True,0.9269971322139696,0.4018666744232178,True,,,False
1907,1.4609375,1.5009765625,1.48095703125,-40.0390625,True,0.8087054002229971,0.3840937614440918,True,,,False
1908,1.5380859375,1.505859375,1.52197265625,32.2265625,True,0.6509485415625118,0.39057302474975586,True,,,False
1909,1.5244140625,1.533203125,1.52880859375,-8.7890625,True,0.17751302884194806,0.39223480224609375,True,,,False
1910,1.5263671875,1.505859375,1.51611328125,20.5078125,True,0.41422652590905973,0.39121437072753906,True,,,False
1911,1.5625,1.5556640625,1.55908203125,6.8359375,True,0.13806889252587023,0.39028048515319824,True,,,False
1912,1.5810546875,1.583984375,1.58251953125,-2.9296875,True,0.05917120265858247,0.39485859870910645,True,,,False
1913,1.6044921875,1.64453125,1.62451171875,-40.0390625,True,0.8086362018695041,0.3926362991333008,True,,,False
1914,1.548828125,1.6103515625,1.57958984375,-61.5234375,True,1.2425919841829578,0.3859062194824219,True,,,False
1915,1.6044921875,1.603515625,1.60400390625,0.9765625,True,0.019724216061789295,0.38702869415283203,True,,,False
1916,1.587890625,1.5693359375,1.57861328125,18.5546875,True,0.3747467044724104,0.4032247066497803,True,,,False
1917,1.5771484375,1.568359375,1.57275390625,8.7890625,True,0.17751860865328425,0.38619184494018555,True,,,False
1918,1.685546875,1.62890625,1.6572265625,56.640625,True,1.1439701749466316,0.38428711891174316,True,,,False
1919,1.5380859375,1.5185546875,1.5283203125,19.53125,True,0.39447321777736766,0.39545464515686035,True,,,False
1920,1.583984375,1.5439453125,1.56396484375,40.0390625,True,0.8086743143540457,0.3874375820159912,True,,,False
1921,1.6025390625,1.6455078125,1.6240234375,-42.96875,True,0.8678618339396446,0.3859086036682129,True,,,False
1922,1.5078125,1.552734375,1.5302734375,-44.921875,True,0.9073516854516956,0.38512182235717773,True,,,False
1923,1.5390625,1.5595703125,1.54931640625,-20.5078125,True,0.414204660978472,0.3919990062713623,True,,,False
1924,1.5751953125,1.5927734375,1.583984375,-17.578125,True,0.3550347355191326,0.38771772384643555,True,,,False
1925,1.541015625,1.525390625,1.533203125,15.625,True,0.31560976975868693,0.38576769828796387,True,,,False
1926,1.599609375,1.5654296875,1.58251953125,34.1796875,True,0.6903352262533504,0.39940810203552246,True,,,False
1927,1.65234375,1.669921875,1.6611328125,-17.578125,True,0.3550396148419433,0.38721179962158203,True,,,False
1928,1.587890625,1.583984375,1.5859375,3.90625,True,0.07889332808403712,0.38675522804260254,True,,,False
1929,1.56640625,1.525390625,1.5458984375,41.015625,True,0.8284329191292643,0.39321017265319824,True,,,False
1930,1.572265625,1.5390625,1.5556640625,33.203125,True,0.6706000197028912,0.49139904975891113,True,,,False
1931,1.5732421875,1.517578125,1.54541015625,55.6640625,True,1.1242654745095622,0.3955118656158447,True,,,False
1932,1.5556640625,1.5830078125,1.5693359375,-27.34375,True,0.5522687124095615,0.38745832443237305,True,,,False
1933,1.4580078125,1.4736328125,1.4658203125,-15.625,True,0.3155614432666409,0.3978126049041748,True,,,False
1934,1.5048828125,1.5,1.50244140625,4.8828125,True,0.09862521686008206,0.38478708267211914,True,,,False
1935,1.6162109375,1.5859375,1.60107421875,30.2734375,True,0.6114337277394529,0.39377856254577637,True,,,False
1936,1.7373046875,1.7861328125,1.76171875,-48.828125,True,0.9862166340113905,0.38801145553588867,True,,,False
1937,1.5498046875,1.5302734375,1.5400390625,19.53125,True,0.39446568052483977,0.3868422508239746,True,,,False
1938,1.517578125,1.5498046875,1.53369140625,-32.2265625,True,0.6508995062653841,0.3869664669036865,True,,,False
1939,1.587890625,1.58203125,1.5849609375,5.859375,True,0.11835081994902658,0.39286255836486816,True,,,False
1940,1.5341796875,1.576171875,1.55517578125,-41.9921875,True,0.8481365600276503,0.3941943645477295,True,,,False
1941,1.4833984375,1.4755859375,1.4794921875,7.8125,True,0.1578031074569683,0.39071011543273926,True,,,False
1942,1.5537109375,1.53515625,1.54443359375,18.5546875,True,0.3747531410549832,0.3859117031097412,True,,,False
1943,1.56640625,1.5966796875,1.58154296875,-30.2734375,True,0.6114504332304771,0.3968315124511719,True,,,False
1944,1.5751953125,1.5478515625,1.5615234375,27.34375,True,0.5523045328203964,0.38675904273986816,True,,,False
1945,1.548828125,1.556640625,1.552734375,-7.8125,True,0.1577864874032691,0.3873579502105713,True,,,False
1946,1.5732421875,1.5380859375,1.5556640625,35.15625,True,0.7100446687031414,0.39625096321105957,True,,,False
1947,1.6279296875,1.546875,1.58740234375,81.0546875,True,1.637036825313485,0.3931863307952881,True,,,False
1948,1.5732421875,1.560546875,1.56689453125,12.6953125,True,0.2564125937955628,0.388164758682251,True,,,False
1949,1.5400390625,1.5302734375,1.53515625,9.765625,True,0.19724819805956498,0.3886723518371582,True,,,False
1950,1.603515625,1.6298828125,1.61669921875,-26.3671875,True,0.5325371481030935,0.39978861808776855,True,,,False
1951,1.4853515625,1.5576171875,1.521484375,-72.265625,True,1.4596062325828556,0.3865528106689453,True,,,False
1952,1.5498046875,1.5146484375,1.5322265625,35.15625,True,0.7100622558494473,0.3856086730957031,True,,,False
1953,1.5849609375,1.5947265625,1.58984375,-9.765625,True,0.19723538907156232,0.3923764228820801,True,,,False
1954,1.537109375,1.5263671875,1.53173828125,10.7421875,True,0.2169594663978144,0.3867936134338379,True,,,False
1955,1.4638671875,1.4765625,1.47021484375,-12.6953125,True,0.25641270976130726,0.38652920722961426,True,,,False
1956,1.60546875,1.5869140625,1.59619140625,18.5546875,True,0.37475801624143507,0.3869481086730957,True,,,False
1957,1.4638671875,1.494140625,1.47900390625,-30.2734375,True,0.611405008811921,0.3911170959472656,True,,,False
1958,1.61328125,1.5634765625,1.58837890625,49.8046875,True,1.0059445703063954,0.3864631652832031,True,,,False
1959,1.6025390625,1.5712890625,1.5869140625,31.25,True,0.6311690552310406,0.3859996795654297,True,,,False
1960,1.5166015625,1.498046875,1.50732421875,18.5546875,True,0.37475523485988854,0.3930552005767822,True,,,False
1961,1.5,1.5107421875,1.50537109375,-10.7421875,True,0.2169655821592335,0.3879387378692627,True,,,False
1962,1.576171875,1.546875,1.5615234375,29.296875,True,0.5917516017446891,0.3848545551300049,True,,,False
1963,1.5498046875,1.5341796875,1.5419921875,15.625,True,0.31557131795939847,0.39470863342285156,True,,,False
1964,1.5439453125,1.5537109375,1.548828125,-9.765625,True,0.19724873043554894,0.3924398422241211,True,,,False
1965,1.53125,1.5390625,1.53515625,-7.8125,True,0.1578003153471272,0.38676023483276367,True,,,False
1966,1.5830078125,1.623046875,1.60302734375,-40.0390625,True,0.808693463636832,0.3874075412750244,True,,,False
1967,1.521484375,1.4970703125,1.50927734375,24.4140625,True,0.4930825868336832,0.3985748291015625,True,,,False
1968,1.572265625,1.5751953125,1.57373046875,-2.9296875,True,0.05916902064624341,0.38591742515563965,True,,,False
1969,1.6337890625,1.642578125,1.63818359375,-8.7890625,True,0.17752015398944535,0.386075496673584,True,,,False
1970,1.5966796875,1.578125,1.58740234375,18.5546875,True,0.3747755701667612,0.3861711025238037,True,,,False
1971,1.5791015625,1.5576171875,1.568359375,21.484375,True,0.43397045573474646,0.3915250301361084,True,,,False
1972,1.5009765625,1.4892578125,1.4951171875,11.71875,True,0.23670385716564835,0.3878159523010254,True,,,False
1973,1.5888671875,1.58203125,1.58544921875,6.8359375,True,0.13806666927908087,0.3844761848449707,True,,,False
1974,1.533203125,1.5029296875,1.51806640625,30.2734375,True,0.611426360637022,0.39676904678344727,True,,,False
1975,1.5908203125,1.5927734375,1.591796875,-1.953125,True,0.03944760284905847,0.3849818706512451,True,,,False
1976,1.5625,1.564453125,1.5634765625,-1.953125,True,0.039449564330825,0.38475537300109863,True,,,False
1977,1.62890625,1.6357421875,1.63232421875,-6.8359375,True,0.13807610614526183,0.3978004455566406,True,,,False
1978,1.5126953125,1.5263671875,1.51953125,-13.671875,True,0.2761236454764227,0.3860039710998535,True,,,False
1979,1.5224609375,1.5380859375,1.5302734375,-15.625,True,0.31558346563454664,0.3916146755218506,True,,,False
1980,1.5859375,1.603515625,1.5947265625,-17.578125,True,0.3550238916521561,0.3868227005004883,True,,,False
1981,1.650390625,1.611328125,1.630859375,39.0625,True,0.7889601630277733,0.3996543884277344,True,,,False
1982,1.560546875,1.568359375,1.564453125,-7.8125,True,0.15779118477375845,0.3875696659088135,True,,,False
1983,1.5419921875,1.5546875,1.54833984375,-12.6953125,True,0.2564206688973623,0.38696861267089844,True,,,False
1984,1.56640625,1.65625,1.611328125,-89.84375,True,1.8145877149762193,0.3944277763366699,True,,,False
1985,1.5341796875,1.50390625,1.51904296875,30.2734375,True,0.6114494256030941,0.38733386993408203,True,,,False
1986,1.5263671875,1.5087890625,1.517578125,17.578125,True,0.35505112101020536,0.3858642578125,True,,,False
1987,1.607421875,1.6591796875,1.63330078125,-51.7578125,True,1.0453627752583208,0.39283084869384766,True,,,False
1988,1.517578125,1.5634765625,1.54052734375,-45.8984375,True,0.9269641368402709,0.387681245803833,True,,,False
1989,1.5576171875,1.5849609375,1.5712890625,-27.34375,True,0.5522715114756974,0.38623809814453125,True,,,False
1990,1.5029296875,1.46875,1.48583984375,34.1796875,True,0.6903906714753266,0.3866894245147705,True,,,False
1991,1.4765625,1.541015625,1.5087890625,-64.453125,True,1.3017670420882717,0.3905048370361328,True,,,False
1992,1.62109375,1.65234375,1.63671875,-31.25,True,0.6311622452166724,0.3885667324066162,True,,,False
1993,1.5224609375,1.5537109375,1.5380859375,-31.25,True,0.631178643008119,0.38716578483581543,True,,,False
1994,1.59375,1.599609375,1.5966796875,-5.859375,True,0.11835110092882764,0.40201258659362793,True,,,False
1995,1.5771484375,1.59375,1.58544921875,-16.6015625,True,0.33531770046841936,0.38886213302612305,True,,,False
1996,1.578125,1.556640625,1.5673828125,21.484375,True,0.43394859091722077,0.3874382972717285,True,,,False
1997,1.51171875,1.5185546875,1.51513671875,-6.8359375,True,0.13807384433391204,0.38509607315063477,True,,,False
1998,1.59375,1.5869140625,1.59033203125,6.8359375,True,0.13807190028705518,0.3919084072113037,True,,,False
1999,1.5126953125,1.533203125,1.52294921875,-20.5078125,True,0.41421033001686797,0.3861427307128906,True,,,False
2000,1.5595703125,1.58984375,1.57470703125,-30.2734375,True,0.6114232143839401,1.7079482078552246,True,1.5583284543325526,0.2997658079625293,False
2001,1.5986328125,1.6005859375,1.599609375,-1.953125,True,0.039449202410820935,0.6667509078979492,True,,,False
2002,1.6123046875,1.5751953125,1.59375,37.109375,True,0.7494950179126293,0.38600802421569824,True,,,False
2003,1.623046875,1.638671875,1.630859375,-15.625,True,0.3155807534342755,0.39159226417541504,True,,,False
2004,1.5361328125,1.548828125,1.54248046875,-12.6953125,True,0.2564209643948535,0.3846588134765625,True,,,False
2005,1.5068359375,1.541015625,1.52392578125,-34.1796875,True,0.6902970078172493,0.38373398780822754,True,,,False
2006,1.5732421875,1.5439453125,1.55859375,29.296875,True,0.5917223711473287,0.3875861167907715,True,,,False
2007,1.576171875,1.6064453125,1.59130859375,-30.2734375,True,0.6113818491035666,0.39083099365234375,True,,,False
2008,1.611328125,1.5947265625,1.60302734375,16.6015625,True,0.3353246727134388,0.3826582431793213,True,,,False
2009,1.62109375,1.5908203125,1.60595703125,30.2734375,True,0.6114649111879383,0.38268423080444336,True,,,False
2010,1.5751953125,1.595703125,1.58544921875,-20.5078125,True,0.41419703854005036,0.39704370498657227,True,,,False
2011,1.6328125,1.662109375,1.6474609375,-29.296875,True,0.5917060412620859,0.3850400447845459,True,,,False
2012,1.5712890625,1.5498046875,1.560546875,21.484375,True,0.4339425030043771,0.3864457607269287,True,,,False
2013,1.568359375,1.5458984375,1.55712890625,22.4609375,True,0.45366437217306393,0.39388370513916016,True,,,False
2014,1.548828125,1.578125,1.5634765625,-29.296875,True,0.5917430638996222,0.38353896141052246,True,,,False
2015,1.59765625,1.556640625,1.5771484375,41.015625,True,0.8283944258907152,0.3839142322540283,True,,,False
2016,1.634765625,1.5986328125,1.61669921875,36.1328125,True,0.7298106121908063,0.390988826751709,True,,,False
2017,1.5791015625,1.5654296875,1.572265625,13.671875,True,0.27613295270802807,0.38577795028686523,True,,,False
2018,1.5458984375,1.5625,1.55419921875,-16.6015625,True,0.3353181935670892,0.38437795639038086,True,,,False
2019,1.6533203125,1.6181640625,1.6357421875,35.15625,True,0.7100810849924937,0.38324666023254395,True,,,False
2020,1.5888671875,1.5888671875,1.5888671875,0.0,True,0.0,0.3902909755706787,True,,,False
2021,1.53515625,1.552734375,1.5439453125,-17.578125,True,0.3550592784251491,0.38376355171203613,True,,,False
2022,1.501953125,1.5,1.5009765625,1.953125,True,0.03944950607333957,0.3861255645751953,True,,,False
2023,1.5986328125,1.6435546875,1.62109375,-44.921875,True,0.9073200142943993,0.3910520076751709,True,,,False
2024,1.583984375,1.587890625,1.5859375,-3.90625,True,0.078896570141374,0.38592982292175293,True,,,False
2025,1.630859375,1.638671875,1.634765625,-7.8125,True,0.1577953225385762,0.3822798728942871,True,,,False
2026,1.6298828125,1.5966796875,1.61328125,33.203125,True,0.6706309450122355,0.3858001232147217,True,,,False
2027,1.5322265625,1.5283203125,1.5302734375,3.90625,True,0.07889931565423196,0.3955039978027344,True,,,False
2028,1.5673828125,1.5712890625,1.5693359375,-3.90625,True,0.0788975510003834,0.3865702152252197,True,,,False
2029,1.6220703125,1.59765625,1.60986328125,24.4140625,True,0.4930998515077995,0.38309359550476074,True,,,False
2030,1.6083984375,1.5947265625,1.6015625,13.671875,True,0.276139414696317,0.3926355838775635,True,,,False
2031,1.609375,1.6162109375,1.61279296875,-6.8359375,True,0.13806442575375047,0.3845808506011963,True,,,False
2032,1.5146484375,1.5361328125,1.525390625,-21.484375,True,0.4339279859163512,0.39079737663269043,True,,,False
2033,1.517578125,1.466796875,1.4921875,50.78125,True,1.0257088780316106,0.38538646697998047,True,,,False
2034,1.6259765625,1.640625,1.63330078125,-14.6484375,True,0.2958652055342222,0.3910081386566162,True,,,False
2035,1.54296875,1.546875,1.544921875,-3.90625,True,0.0788989855278167,0.38688135147094727,True,,,False
2036,1.572265625,1.5478515625,1.56005859375,24.4140625,True,0.4930977800407147,0.38634324073791504,True,,,False
2037,1.4990234375,1.517578125,1.50830078125,-18.5546875,True,0.374777484360086,0.390078067779541,True,,,False
2038,1.5556640625,1.5419921875,1.548828125,13.671875,True,0.27613183983074924,0.38579559326171875,True,,,False
2039,1.576171875,1.5595703125,1.56787109375,16.6015625,True,0.33531683978853866,0.3873133659362793,True,,,False
2040,1.6025390625,1.60546875,1.60400390625,-2.9296875,True,0.059171557405937956,0.3971092700958252,True,,,False
2041,1.529296875,1.505859375,1.517578125,23.4375,True,0.47338051663662944,0.38648366928100586,True,,,False
2042,1.5673828125,1.580078125,1.57373046875,-12.6953125,True,0.2564139202732339,0.39232516288757324,True,,,False
2043,1.5966796875,1.5615234375,1.5791015625,35.15625,True,0.7100657242542707,0.3838679790496826,True,,,False
2044,1.5361328125,1.525390625,1.53076171875,10.7421875,True,0.21695367790001197,0.3970305919647217,True,,,False
2045,1.4833984375,1.49609375,1.48974609375,-12.6953125,True,0.2564241618417601,0.38445162773132324,True,,,False
2046,1.55859375,1.578125,1.568359375,-19.53125,True,0.39446897822554694,0.3864014148712158,True,,,False
2047,1.607421875,1.6435546875,1.62548828125,-36.1328125,True,0.7297553773160054,0.394665002822876,True,,,False
2048,1.5361328125,1.537109375,1.53662109375,-0.9765625,True,0.019723802287017637,0.3843648433685303,True,,,False
2049,1.5771484375,1.5810546875,1.5791015625,-3.90625,True,0.07889989280462036,0.3818626403808594,True,,,False
2050,1.6591796875,1.6884765625,1.673828125,-29.296875,True,0.5917004606062086,0.3846437931060791,True,,,False
2051,1.544921875,1.54296875,1.5439453125,1.953125,True,0.0394488087714936,0.39064788818359375,True,,,False
2052,1.5966796875,1.611328125,1.60400390625,-14.6484375,True,0.2958572586728251,0.5020236968994141,True,,,False
2053,1.572265625,1.5390625,1.5556640625,33.203125,True,0.6706459219381035,0.39226627349853516,True,,,False
2054,1.54296875,1.5185546875,1.53076171875,24.4140625,True,0.4931175924902529,0.39519810676574707,True,,,False
2055,1.6474609375,1.6240234375,1.6357421875,23.4375,True,0.4733666048045208,0.3847229480743408,True,,,False
2056,1.5849609375,1.6025390625,1.59375,-17.578125,True,0.35501458414083426,0.38579416275024414,True,,,False
2057,1.720703125,1.7587890625,1.73974609375,-38.0859375,True,0.7692749253368947,0.38465380668640137,True,,,False
2058,1.529296875,1.525390625,1.52734375,3.90625,True,0.07889698447166592,0.3866150379180908,True,,,False
2059,1.60546875,1.578125,1.591796875,27.34375,True,0.5522871872365153,0.384615421295166,True,,,False
2060,1.69140625,1.697265625,1.6943359375,-5.859375,True,0.1183435436584466,0.3864932060241699,True,,,False
2061,1.5654296875,1.5546875,1.56005859375,10.7421875,True,0.21696046044970496,0.39482736587524414,True,,,False
2062,1.5615234375,1.5556640625,1.55859375,5.859375,True,0.11833715033161812,0.3834996223449707,True,,,False
2063,1.5859375,1.5693359375,1.57763671875,16.6015625,True,0.335325628943117,0.38405704498291016,True,,,False
2064,1.6123046875,1.6328125,1.62255859375,-20.5078125,True,0.4142223983747681,0.39244985580444336,True,,,False
2065,1.578125,1.6181640625,1.59814453125,-40.0390625,True,0.8086740581230085,0.38277626037597656,True,,,False
2066,1.53515625,1.55078125,1.54296875,-15.625,True,0.3155814676672399,0.3863074779510498,True,,,False
2067,1.6025390625,1.5537109375,1.578125,48.828125,True,0.9861649115900617,0.39051222801208496,True,,,False
2068,1.5546875,1.5361328125,1.54541015625,18.5546875,True,0.3747636158366621,0.4173011779785156,True,,,False
2069,1.494140625,1.5146484375,1.50439453125,-20.5078125,True,0.414213116932623,0.39200496673583984,True,,,False
2070,1.658203125,1.6328125,1.6455078125,25.390625,True,0.512815299659042,0.3913137912750244,True,,,False
2071,1.615234375,1.6279296875,1.62158203125,-12.6953125,True,0.25641856605623947,0.39784932136535645,True,,,False
2072,1.58203125,1.615234375,1.5986328125,-33.203125,True,0.6706211579622668,0.3932931423187256,True,,,False
2073,1.5654296875,1.5859375,1.57568359375,-20.5078125,True,0.4142072551820444,0.3836669921875,True,,,False
2074,1.578125,1.5595703125,1.56884765625,18.5546875,True,0.3747443534137912,0.39525485038757324,True,,,False
2075,1.5693359375,1.5478515625,1.55859375,21.484375,True,0.4339271455893694,0.3851611614227295,True,,,False
2076,1.552734375,1.5634765625,1.55810546875,-10.7421875,True,0.21696731709598585,0.3849916458129883,True,,,False
2077,1.5625,1.5830078125,1.57275390625,-20.5078125,True,0.41420703179053575,0.39786720275878906,True,,,False
2078,1.5498046875,1.5498046875,1.5498046875,0.0,True,0.0,0.38533544540405273,True,,,False
2079,1.6171875,1.66796875,1.642578125,-50.78125,True,1.0256309409744773,0.38767075538635254,True,,,False
2080,1.5244140625,1.59765625,1.56103515625,-73.2421875,True,1.479277337617346,0.386167049407959,True,,,False
2081,1.5234375,1.5029296875,1.51318359375,20.5078125,True,0.4142036586494788,0.3949623107910156,True,,,False
2082,1.544921875,1.53515625,1.5400390625,9.765625,True,0.19723848615554204,0.38701963424682617,True,,,False
2083,1.533203125,1.517578125,1.525390625,15.625,True,0.3155861237270029,0.38483214378356934,True,,,False
2084,1.5517578125,1.587890625,1.56982421875,-36.1328125,True,0.7297904784262647,0.39261698722839355,True,,,False
2085,1.5791015625,1.5966796875,1.587890625,-17.578125,True,0.3550269131441782,0.38390302658081055,True,,,False
2086,1.59375,1.587890625,1.5908203125,5.859375,True,0.1183518484538925,0.3865833282470703,True,,,False
2087,1.609375,1.515625,1.5625,93.75,True,1.8936209139702675,0.3923208713531494,True,,,False
2088,1.5498046875,1.6005859375,1.5751953125,-50.78125,True,1.0256727928798781,0.38549304008483887,True,,,False
2089,1.552734375,1.56640625,1.5595703125,-13.671875,True,0.2761426460031917,0.3828721046447754,True,,,False
2090,1.5810546875,1.6328125,1.60693359375,-51.7578125,True,1.045350134211403,0.38620853424072266,True,,,False
2091,1.4541015625,1.4736328125,1.4638671875,-19.53125,True,0.3945094904162036,0.38864731788635254,True,,,False
2092,1.59375,1.560546875,1.5771484375,33.203125,True,0.6706445483552186,0.38666677474975586,True,,,False
2093,1.482421875,1.4697265625,1.47607421875,12.6953125,True,0.25640581353334135,0.38839030265808105,True,,,False
2094,1.580078125,1.58984375,1.5849609375,-9.765625,True,0.19724246952008653,0.3950004577636719,True,,,False
2095,1.5009765625,1.505859375,1.50341796875,-4.8828125,True,0.09862496423538718,0.3827939033508301,True,,,False
2096,1.6259765625,1.5849609375,1.60546875,41.015625,True,0.8284051116270035,0.38518190383911133,True,,,False
2097,1.5439453125,1.5693359375,1.556640625,-25.390625,True,0.5127967893187454,0.38841748237609863,True,,,False
2098,1.5390625,1.48828125,1.513671875,50.78125,True,1.0256289745437273,0.38414430618286133,True,,,False
2099,1.6748046875,1.623046875,1.64892578125,51.7578125,True,1.045342315046742,0.382216215133667,True,,,False
2100,1.6005859375,1.6005859375,1.6005859375,0.0,True,0.0,0.3833296298980713,True,,,False
2101,1.580078125,1.5859375,1.5830078125,-5.859375,True,0.11834465671005932,0.5454139709472656,True,,,False
2102,1.5888671875,1.5654296875,1.5771484375,23.4375,True,0.47337735264967346,0.3813498020172119,True,,,False
2103,1.568359375,1.576171875,1.572265625,-7.8125,True,0.15779642945439926,0.3842792510986328,True,,,False
2104,1.544921875,1.54296875,1.5439453125,1.953125,True,0.03945043153296862,0.3919198513031006,True,,,False
2105,1.5859375,1.5947265625,1.59033203125,-8.7890625,True,0.17753054028114273,0.3829643726348877,True,,,False
2106,1.5849609375,1.587890625,1.58642578125,-2.9296875,True,0.059176156443944056,0.3818678855895996,True,,,False
2107,1.5771484375,1.5615234375,1.5693359375,15.625,True,0.3155584290610966,0.39200782775878906,True,,,False
2108,1.5439453125,1.5322265625,1.5380859375,11.71875,True,0.23668200489569322,0.38164687156677246,True,,,False
2109,1.583984375,1.6103515625,1.59716796875,-26.3671875,True,0.5325480428078225,0.3832402229309082,True,,,False
2110,1.5966796875,1.62109375,1.60888671875,-24.4140625,True,0.4931243319163267,0.3828864097595215,True,,,False
2111,1.4970703125,1.4541015625,1.4755859375,42.96875,True,0.8678738336858762,0.3889496326446533,True,,,False
2112,1.640625,1.609375,1.625,31.25,True,0.6311530289301844,0.38411974906921387,True,,,False
2113,1.5625,1.5615234375,1.56201171875,0.9765625,True,0.019724676537505575,0.384920597076416,True,,,False
2114,1.568359375,1.576171875,1.572265625,-7.8125,True,0.15779572159622265,0.39133286476135254,True,,,False
2115,1.5283203125,1.5439453125,1.5361328125,-15.625,True,0.3155715903138285,0.38438940048217773,True,,,False
2116,1.59765625,1.6171875,1.607421875,-19.53125,True,0.39448312381290834,0.38311219215393066,True,,,False
2117,1.55078125,1.548828125,1.5498046875,1.953125,True,0.03944605134003606,0.38883471488952637,True,,,False
2118,1.5537109375,1.5009765625,1.52734375,52.734375,True,1.0650429165005135,0.38330745697021484,True,,,False
2119,1.5888671875,1.6064453125,1.59765625,-17.578125,True,0.35503519587532345,0.38329577445983887,True,,,False
2120,1.52734375,1.5458984375,1.53662109375,-18.5546875,True,0.37475733806926054,0.38206911087036133,True,,,False
2121,1.625,1.6201171875,1.62255859375,4.8828125,True,0.09862050216971095,0.39565539360046387,True,,,False
2122,1.5322265625,1.5283203125,1.5302734375,3.90625,True,0.0788950326981364,0.38660502433776855,True,,,False
2123,1.5009765625,1.517578125,1.50927734375,-16.6015625,True,0.3352870504433411,0.38338661193847656,True,,,False
2124,1.5869140625,1.62890625,1.60791015625,-41.9921875,True,0.848144219218947,0.39847302436828613,True,,,False
2125,1.6005859375,1.62109375,1.61083984375,-20.5078125,True,0.41421258566982644,0.38639187812805176,True,,,False
2126,1.529296875,1.54296875,1.5361328125,-13.671875,True,0.27613723831313364,0.3840970993041992,True,,,False
2127,1.6025390625,1.6005859375,1.6015625,1.953125,True,0.03944660087692094,0.39086103439331055,True,,,False
2128,1.6015625,1.51171875,1.556640625,89.84375,True,1.8145578218682876,0.3817009925842285,True,,,False
2129,1.4892578125,1.5244140625,1.5068359375,-35.15625,True,0.7100943528793507,0.3828611373901367,True,,,False
2130,1.5986328125,1.583984375,1.59130859375,14.6484375,True,0.29584381542177013,0.3826475143432617,True,,,False
2131,1.423828125,1.4619140625,1.44287109375,-38.0859375,True,0.7692395270537001,0.392622709274292,True,,,False
2132,1.5947265625,1.595703125,1.59521484375,-0.9765625,True,0.0197249993246867,0.382415771484375,True,,,False
2133,1.5478515625,1.5498046875,1.548828125,-1.953125,True,0.039445839202338386,0.3828887939453125,True,,,False
2134,1.609375,1.5419921875,1.57568359375,67.3828125,True,1.360975757838972,0.3965780735015869,True,,,False
2135,1.55078125,1.55859375,1.5546875,-7.8125,True,0.15779645188011376,0.38489270210266113,True,,,False
2136,1.55859375,1.5498046875,1.55419921875,8.7890625,True,0.17751853872719858,0.38468408584594727,True,,,False
2137,1.6044921875,1.6318359375,1.6181640625,-27.34375,True,0.5522587533925957,0.3843238353729248,True,,,False
2138,1.564453125,1.564453125,1.564453125,0.0,True,0.0,0.39368152618408203,True,,,False
2139,1.55859375,1.5419921875,1.55029296875,16.6015625,True,0.33528944345831435,0.3846457004547119,True,,,False
2140,1.5859375,1.5810546875,1.58349609375,4.8828125,True,0.09862002863845977,0.38320183753967285,True,,,False
2141,1.5654296875,1.5546875,1.56005859375,10.7421875,True,0.21695711832039818,0.40137600898742676,True,,,False
2142,1.5244140625,1.5205078125,1.5224609375,3.90625,True,0.07889631767466918,0.3821227550506592,True,,,False
2143,1.6181640625,1.6142578125,1.6162109375,3.90625,True,0.07889852270657917,0.3839843273162842,True,,,False
2144,1.6025390625,1.619140625,1.61083984375,-16.6015625,True,0.335305101097122,0.39487195014953613,True,,,False
2145,1.5498046875,1.5673828125,1.55859375,-17.578125,True,0.3550324993612946,0.38761472702026367,True,,,False
2146,1.552734375,1.5546875,1.5537109375,-1.953125,True,0.03944648611959513,0.3872859477996826,True,,,False
2147,1.59765625,1.5947265625,1.59619140625,2.9296875,True,0.05917538437988772,0.3838331699371338,True,,,False
2148,1.587890625,1.583984375,1.5859375,3.90625,True,0.07889293926336469,0.39507293701171875,True,,,False
2149,1.57421875,1.556640625,1.5654296875,17.578125,True,0.35502648391620856,0.3830265998840332,True,,,False
2150,1.5751953125,1.5810546875,1.578125,-5.859375,True,0.11833627434404718,0.3833963871002197,True,,,False
2151,1.5595703125,1.5322265625,1.5458984375,27.34375,True,0.5522873151344981,0.4014322757720947,True,,,False
2152,1.6259765625,1.5966796875,1.611328125,29.296875,True,0.5917048772522822,0.3828573226928711,True,,,False
2153,1.5869140625,1.5458984375,1.56640625,41.015625,True,0.8284333474442572,0.3844590187072754,True,,,False
2154,1.587890625,1.6025390625,1.59521484375,-14.6484375,True,0.2958660415142265,0.38332414627075195,True,,,False
2155,1.6162109375,1.623046875,1.61962890625,-6.8359375,True,0.13807339744338512,0.38947081565856934,True,,,False
2156,1.544921875,1.51953125,1.5322265625,25.390625,True,0.5128333021932325,0.3819265365600586,True,,,False
2157,1.521484375,1.5419921875,1.53173828125,-20.5078125,True,0.4142041980575299,0.38391780853271484,True,,,False
2158,1.5029296875,1.4921875,1.49755859375,10.7421875,True,0.2169686089321623,0.39756321907043457,True,,,False
2159,1.5595703125,1.5537109375,1.556640625,5.859375,True,0.11834381674467057,0.3839879035949707,True,,,False
2160,1.6005859375,1.5947265625,1.59765625,5.859375,True,0.11834036196508384,0.3811514377593994,True,,,False
2161,1.50390625,1.5283203125,1.51611328125,-24.4140625,True,0.4931116958929779,0.39063239097595215,True,,,False
2162,1.59765625,1.611328125,1.6044921875,-13.671875,True,0.27614781936328414,0.3877682685852051,True,,,False
2163,1.57421875,1.603515625,1.5888671875,-29.296875,True,0.5917287596426156,0.3840029239654541,True,,,False
2164,1.560546875,1.568359375,1.564453125,-7.8125,True,0.15778827598421982,0.3832263946533203,True,,,False
2165,1.5146484375,1.5205078125,1.517578125,-5.859375,True,0.1183492073070383,0.40157198905944824,True,,,False
2166,1.5126953125,1.5419921875,1.52734375,-29.296875,True,0.5917075764780538,0.3815310001373291,True,,,False
2167,1.5,1.5380859375,1.51904296875,-38.0859375,True,0.7692236295767544,0.38347601890563965,True,,,False
2168,1.544921875,1.533203125,1.5390625,11.71875,True,0.23669089265647655,0.39058589935302734,True,,,False
2169,1.662109375,1.609375,1.6357421875,52.734375,True,1.065121643502265,0.3877425193786621,True,,,False
2170,1.541015625,1.5390625,1.5400390625,1.953125,True,0.03944738293578689,0.386702299118042,True,,,False
2171,1.5224609375,1.5185546875,1.5205078125,3.90625,True,0.07890038642776945,0.38733458518981934,True,,,False
2172,1.6220703125,1.5537109375,1.587890625,68.359375,True,1.3805962618737568,0.39689087867736816,True,,,False
2173,1.5302734375,1.5751953125,1.552734375,-44.921875,True,0.9072984071101466,0.3861517906188965,True,,,False
2174,1.5908203125,1.580078125,1.58544921875,10.7421875,True,0.21697014700971404,0.3839244842529297,True,,,False
2175,1.5185546875,1.53125,1.52490234375,-12.6953125,True,0.25641194273984436,0.39563751220703125,True,,,False
2176,1.5556640625,1.541015625,1.54833984375,14.6484375,True,0.29585050135660074,0.38347744941711426,True,,,False
2177,1.6162109375,1.58203125,1.59912109375,34.1796875,True,0.6903741810051691,0.3864462375640869,True,,,False
2178,1.6142578125,1.455078125,1.53466796875,159.1796875,True,3.2151532067562845,0.37419772148132324,True,,,False
2179,1.5771484375,1.607421875,1.59228515625,-30.2734375,True,0.6114574047758824,0.384899377822876,True,,,False
2180,1.548828125,1.478515625,1.513671875,70.3125,True,1.420147443189543,0.38910579681396484,True,,,False
2181,1.552734375,1.5673828125,1.56005859375,-14.6484375,True,0.2958579371972585,0.38907623291015625,True,,,False
2182,1.6318359375,1.6123046875,1.6220703125,19.53125,True,0.3944898760415666,0.3981435298919678,True,,,False
2183,1.6640625,1.6552734375,1.65966796875,8.7890625,True,0.17751278565848938,0.38750433921813965,True,,,False
2184,1.525390625,1.5966796875,1.56103515625,-71.2890625,True,1.4398588837649031,0.3850250244140625,True,,,False
2185,1.6201171875,1.6484375,1.63427734375,-28.3203125,True,0.5719734580136038,0.3851795196533203,True,,,False
2186,1.5927734375,1.58203125,1.58740234375,10.7421875,True,0.216983012965368,0.3893468379974365,True,,,False
2187,1.451171875,1.5078125,1.4794921875,-56.640625,True,1.1439668990269931,0.38652992248535156,True,,,False
2188,1.4892578125,1.5146484375,1.501953125,-25.390625,True,0.5128244696804554,0.38333988189697266,True,,,False
2189,1.55078125,1.5322265625,1.54150390625,18.5546875,True,0.3747461630893128,0.39310169219970703,True,,,False
2190,1.4990234375,1.5244140625,1.51171875,-25.390625,True,0.5128397606235994,0.3845102787017822,True,,,False
2191,1.5458984375,1.56640625,1.55615234375,-20.5078125,True,0.41416532081537777,0.38565564155578613,True,,,False
2192,1.5458984375,1.55078125,1.54833984375,-4.8828125,True,0.09862436969259206,0.39044904708862305,True,,,False
2193,1.5791015625,1.5673828125,1.5732421875,11.71875,True,0.23668740349337386,0.3914794921875,True,,,False
2194,1.61328125,1.5791015625,1.59619140625,34.1796875,True,0.6903157444483516,0.3840625286102295,True,,,False
2195,1.560546875,1.564453125,1.5625,-3.90625,True,0.07889876321854454,0.3830606937408447,True,,,False
2196,1.625,1.6572265625,1.64111328125,-32.2265625,True,0.650904014960969,0.39116597175598145,True,,,False
2197,1.576171875,1.599609375,1.587890625,-23.4375,True,0.47337721214472916,0.38500189781188965,True,,,False
2198,1.5048828125,1.513671875,1.50927734375,-8.7890625,True,0.17750911674933248,0.3878495693206787,True,,,False
2199,1.505859375,1.5537109375,1.52978515625,-47.8515625,True,0.9664698776351504,0.39028382301330566,True,,,False
2200,1.599609375,1.580078125,1.58984375,19.53125,True,0.39446979988812125,0.3841993808746338,True,,,False
2201,1.5419921875,1.5400390625,1.541015625,1.953125,True,0.039446627536722886,0.5488135814666748,True,,,False
2202,1.4912109375,1.47265625,1.48193359375,18.5546875,True,0.37475137261386293,0.39096736907958984,True,,,False
2203,1.57421875,1.5703125,1.572265625,3.90625,True,0.07889427201127694,0.38379764556884766,True,,,False
2204,1.5947265625,1.5615234375,1.578125,33.203125,True,0.6706118156353235,0.3843114376068115,True,,,False
2205,1.6025390625,1.59375,1.59814453125,8.7890625,True,0.17752109704933677,0.38301610946655273,True,,,False
2206,1.611328125,1.6005859375,1.60595703125,10.7421875,True,0.2169578918142589,0.3853332996368408,True,,,False
2207,1.490234375,1.525390625,1.5078125,-35.15625,True,0.7100270553624282,0.3834688663482666,True,,,False
2208,1.6494140625,1.611328125,1.63037109375,38.0859375,True,0.7692596782141488,0.38898682594299316,True,,,False
2209,1.572265625,1.568359375,1.5703125,3.90625,True,0.07889569974432076,0.3839402198791504,True,,,False
2210,1.6259765625,1.5791015625,1.6025390625,46.875,True,0.9467596809607411,0.386279821395874,True,,,False
2211,1.5830078125,1.5927734375,1.587890625,-9.765625,True,0.19722958680213024,0.38492274284362793,True,,,False
2212,1.5966796875,1.5859375,1.59130859375,10.7421875,True,0.21696202311086432,0.3980369567871094,True,,,False
2213,1.552734375,1.529296875,1.541015625,23.4375,True,0.47338038021353585,0.38469719886779785,True,,,False
2214,1.564453125,1.5947265625,1.57958984375,-30.2734375,True,0.6114446617631297,0.3866846561431885,True,,,False
2215,1.552734375,1.5537109375,1.55322265625,-0.9765625,True,0.01972377523248534,0.3917820453643799,True,,,False
2216,1.611328125,1.6796875,1.6455078125,-68.359375,True,1.3806807268890575,0.3861265182495117,True,,,False
2217,1.5322265625,1.525390625,1.52880859375,6.8359375,True,0.1380748916756331,0.38408327102661133,True,,,False
2218,1.4951171875,1.4990234375,1.4970703125,-3.90625,True,0.07889472737789774,0.40226197242736816,True,,,False
2219,1.5302734375,1.5087890625,1.51953125,21.484375,True,0.43394740026134376,0.3844113349914551,True,,,False
2220,1.5771484375,1.5810546875,1.5791015625,-3.90625,True,0.07890065642286277,0.3845088481903076,True,,,False
2221,1.62109375,1.6630859375,1.64208984375,-41.9921875,True,0.8481079100711632,0.4616425037384033,True,,,False
2222,1.626953125,1.650390625,1.638671875,-23.4375,True,0.47338277176375865,0.42343759536743164,True,,,False
2223,1.5751953125,1.5654296875,1.5703125,9.765625,True,0.19723473928756788,0.38303184509277344,True,,,False
2224,1.4677734375,1.4716796875,1.4697265625,-3.90625,True,0.07889765154285497,0.3870062828063965,True,,,False
2225,1.6064453125,1.59765625,1.60205078125,8.7890625,True,0.17750947890255986,0.3873610496520996,True,,,False
2226,1.5927734375,1.490234375,1.54150390625,102.5390625,True,2.0710765520647714,0.3854184150695801,True,,,False
2227,1.5361328125,1.525390625,1.53076171875,10.7421875,True,0.2169688255961828,0.39271092414855957,True,,,False
2228,1.5224609375,1.5078125,1.51513671875,14.6484375,True,0.2958474656139066,0.40273523330688477,True,,,False
2229,1.51953125,1.5,1.509765625,19.53125,True,0.3944620821127444,0.38404154777526855,True,,,False
2230,1.5166015625,1.5087890625,1.5126953125,7.8125,True,0.15778846670492108,0.3853299617767334,True,,,False
2231,1.5244140625,1.5322265625,1.5283203125,-7.8125,True,0.15778818924054885,0.384366512298584,True,,,False
2232,1.580078125,1.6396484375,1.60986328125,-59.5703125,True,1.203113709647715,0.3979916572570801,True,,,False
2233,1.5654296875,1.5986328125,1.58203125,-33.203125,True,0.6706471373547459,0.3850388526916504,True,,,False
2234,1.544921875,1.52734375,1.5361328125,17.578125,True,0.3550243828058261,0.38822031021118164,True,,,False
2235,1.58203125,1.5322265625,1.55712890625,49.8046875,True,1.0059826731030252,0.3887317180633545,True,,,False
2236,1.6083984375,1.587890625,1.59814453125,20.5078125,True,0.41419631030288134,0.39184069633483887,True,,,False
2237,1.5869140625,1.5947265625,1.5908203125,-7.8125,True,0.1578004198008278,0.38529539108276367,True,,,False
2238,1.6923828125,1.6416015625,1.6669921875,50.78125,True,1.0256365839689303,0.3924422264099121,True,,,False
2239,1.580078125,1.6064453125,1.59326171875,-26.3671875,True,0.5325570387824137,0.3872256278991699,True,,,False
2240,1.5380859375,1.5703125,1.55419921875,-32.2265625,True,0.6508706311314447,0.38862156867980957,True,,,False
2241,1.5654296875,1.5546875,1.56005859375,10.7421875,True,0.21696568348032655,0.3853278160095215,True,,,False
2242,1.6005859375,1.61328125,1.60693359375,-12.6953125,True,0.2564135149465959,0.3896934986114502,True,,,False
2243,1.560546875,1.5302734375,1.54541015625,30.2734375,True,0.6114572097519999,0.38385510444641113,True,,,False
2244,1.5,1.552734375,1.5263671875,-52.734375,True,1.06509277662056,0.38416290283203125,True,,,False
2245,1.6201171875,1.5986328125,1.609375,21.484375,True,0.4339484039719388,0.39483165740966797,True,,,False
2246,1.5712890625,1.55859375,1.56494140625,12.6953125,True,0.25639911160063183,0.38420939445495605,True,,,False
2247,1.537109375,1.5302734375,1.53369140625,6.8359375,True,0.13807363050565494,0.3826291561126709,True,,,False
2248,1.6162109375,1.5595703125,1.587890625,56.640625,True,1.1439934561222533,0.38745903968811035,True,,,False
2249,1.587890625,1.580078125,1.583984375,7.8125,True,0.15779833013400824,0.38437509536743164,True,,,False
2250,1.6025390625,1.591796875,1.59716796875,10.7421875,True,0.21697523149650183,0.3844118118286133,True,,,False
2251,1.5703125,1.548828125,1.5595703125,21.484375,True,0.43393508408944104,0.39141368865966797,True,,,False
2252,1.5263671875,1.5400390625,1.533203125,-13.671875,True,0.2761458242853256,0.38248562812805176,True,,,False
2253,1.5419921875,1.5693359375,1.5556640625,-27.34375,True,0.5522848184835699,0.3846292495727539,True,,,False
2254,1.5361328125,1.5537109375,1.544921875,-17.578125,True,0.35501834290059897,0.3861885070800781,True,,,False
2255,1.689453125,1.62890625,1.6591796875,60.546875,True,1.222918221121189,0.39090776443481445,True,,,False
2256,1.65234375,1.5947265625,1.62353515625,57.6171875,True,1.163676387489009,0.3854410648345947,True,,,False
2257,1.55859375,1.5693359375,1.56396484375,-10.7421875,True,0.21697769258712565,0.3835623264312744,True,,,False
2258,1.55859375,1.564453125,1.5615234375,-5.859375,True,0.11833775869937556,0.38603711128234863,True,,,False
2259,1.5908203125,1.5869140625,1.5888671875,3.90625,True,0.07889554088010861,0.39092183113098145,True,,,False
2260,1.4912109375,1.4853515625,1.48828125,5.859375,True,0.1183451783990822,0.38420772552490234,True,,,False
2261,1.4921875,1.5537109375,1.52294921875,-61.5234375,True,1.2425973016737053,0.38478612899780273,True,,,False
2262,1.5634765625,1.5830078125,1.5732421875,-19.53125,True,0.39448275754221424,0.38598060607910156,True,,,False
2263,1.5673828125,1.5751953125,1.5712890625,-7.8125,True,0.1577940782524927,0.38420915603637695,True,,,False
2264,1.5322265625,1.515625,1.52392578125,16.6015625,True,0.3352977521636807,0.3843550682067871,True,,,False
2265,1.5830078125,1.6591796875,1.62109375,-76.171875,True,1.538515174490109,0.3887302875518799,True,,,False
2266,1.5576171875,1.521484375,1.53955078125,36.1328125,True,0.7297661703406572,0.3836977481842041,True,,,False
2267,1.5341796875,1.5849609375,1.5595703125,-50.78125,True,1.0256446736786304,0.38444972038269043,True,,,False
2268,1.490234375,1.4951171875,1.49267578125,-4.8828125,True,0.09862035624413379,0.3857991695404053,True,,,False
2269,1.49609375,1.5068359375,1.50146484375,-10.7421875,True,0.21697105209623574,0.39617085456848145,True,,,False
2270,1.611328125,1.59765625,1.6044921875,13.671875,True,0.27614508701719176,0.38477468490600586,True,,,False
2271,1.6591796875,1.6240234375,1.6416015625,35.15625,True,0.7100511420902682,0.38615846633911133,True,,,False
2272,1.6005859375,1.595703125,1.59814453125,4.8828125,True,0.09862088678539349,0.40262842178344727,True,,,False
2273,1.541015625,1.5556640625,1.54833984375,-14.6484375,True,0.29586545466976677,0.38373374938964844,True,,,False
2274,1.5830078125,1.541015625,1.56201171875,41.9921875,True,0.8481947422523901,0.3843116760253906,True,,,False
2275,1.578125,1.5791015625,1.57861328125,-0.9765625,True,0.019724645727475874,0.3994166851043701,True,,,False
2276,1.5625,1.5703125,1.56640625,-7.8125,True,0.15779055936894257,0.38438844680786133,True,,,False
2277,1.5341796875,1.537109375,1.53564453125,-2.9296875,True,0.059170384291771634,0.3848433494567871,True,,,False
2278,1.5439453125,1.5224609375,1.533203125,21.484375,True,0.4339366131232679,0.3888731002807617,True,,,False
2279,1.5400390625,1.5458984375,1.54296875,-5.859375,True,0.11833514344518618,0.39041686058044434,True,,,False
2280,1.578125,1.5654296875,1.57177734375,12.6953125,True,0.2564249235576684,0.3838613033294678,True,,,False
2281,1.53515625,1.53515625,1.53515625,0.0,True,0.0,0.38503360748291016,True,,,False
2282,1.53125,1.4970703125,1.51416015625,34.1796875,True,0.690353265647286,0.398073673248291,True,,,False
2283,1.5380859375,1.5771484375,1.5576171875,-39.0625,True,0.788930893427358,0.3845396041870117,True,,,False
2284,1.5703125,1.5576171875,1.56396484375,12.6953125,True,0.25640868171133596,0.3862133026123047,True,,,False
2285,1.5224609375,1.5185546875,1.5205078125,3.90625,True,0.07889671167587324,0.3922243118286133,True,,,False
2286,1.5888671875,1.6025390625,1.595703125,-13.671875,True,0.276131357339203,0.3855702877044678,True,,,False
2287,1.5849609375,1.587890625,1.58642578125,-2.9296875,True,0.0591761708060052,0.3841373920440674,True,,,False
2288,1.6044921875,1.5732421875,1.5888671875,31.25,True,0.6311498510334175,0.3853273391723633,True,,,False
2289,1.5546875,1.4951171875,1.52490234375,59.5703125,True,1.2031983859827962,0.3912076950073242,True,,,False
2290,1.560546875,1.529296875,1.544921875,31.25,True,0.6312079834815484,0.38385462760925293,True,,,False
2291,1.6376953125,1.59765625,1.61767578125,40.0390625,True,0.8087002204632664,0.3826010227203369,True,,,False
2292,1.6474609375,1.6533203125,1.650390625,-5.859375,True,0.1183423707401508,0.39310359954833984,True,,,False
2293,1.5439453125,1.5439453125,1.5439453125,0.0,True,0.0,0.3837711811065674,True,,,False
2294,1.6064453125,1.5986328125,1.6025390625,7.8125,True,0.1577994216154212,0.38568758964538574,True,,,False
2295,1.5673828125,1.5458984375,1.556640625,21.484375,True,0.4339391944238451,0.39191365242004395,True,,,False
2296,1.55078125,1.51171875,1.53125,39.0625,True,0.7889717608850196,0.3828742504119873,True,,,False
2297,1.6025390625,1.59375,1.59814453125,8.7890625,True,0.17752773519727624,0.3858680725097656,True,,,False
2298,1.5615234375,1.5244140625,1.54296875,37.109375,True,0.7495765220032806,0.38390636444091797,True,,,False
2299,1.5517578125,1.32421875,1.43798828125,227.5390625,True,4.595493624572546,0.3746461868286133,True,,,False
2300,1.6474609375,1.62890625,1.63818359375,18.5546875,True,0.3747448082396217,0.38646483421325684,True,,,False
2301,1.5556640625,1.5771484375,1.56640625,-21.484375,True,0.4339138743825646,0.5466992855072021,True,,,False
2302,1.51953125,1.5087890625,1.51416015625,10.7421875,True,0.21697341130726228,0.38601255416870117,True,,,False
2303,1.55859375,1.5595703125,1.55908203125,-0.9765625,True,0.01972335486724844,0.384291410446167,True,,,False
2304,1.65625,1.66796875,1.662109375,-11.71875,True,0.23669704764249522,0.38560009002685547,True,,,False
2305,1.5341796875,1.5166015625,1.525390625,17.578125,True,0.35501477498605605,0.4042494297027588,True,,,False
2306,1.568359375,1.560546875,1.564453125,7.8125,True,0.15778460492465463,0.38816118240356445,True,,,False
2307,1.63671875,1.6044921875,1.62060546875,32.2265625,True,0.6508679205880715,0.38658952713012695,True,,,False
2308,1.59765625,1.603515625,1.6005859375,-5.859375,True,0.1183431532117255,0.3906238079071045,True,,,False
2309,1.4296875,1.486328125,1.4580078125,-56.640625,True,1.1440478162688492,0.388552188873291,True,,,False
2310,1.5185546875,1.529296875,1.52392578125,-10.7421875,True,0.21696619931955996,0.3847184181213379,True,,,False
2311,1.5576171875,1.5478515625,1.552734375,9.765625,True,0.19724047503416603,0.3849332332611084,True,,,False
2312,1.5361328125,1.5869140625,1.5615234375,-50.78125,True,1.0256449776482806,0.39248013496398926,True,,,False
2313,1.5712890625,1.61328125,1.59228515625,-41.9921875,True,0.8481993505727832,0.38772058486938477,True,,,False
2314,1.5263671875,1.5185546875,1.5224609375,7.8125,True,0.15778630820884632,0.3830852508544922,True,,,False
2315,1.5576171875,1.548828125,1.55322265625,8.7890625,True,0.1775160059657789,0.39237093925476074,True,,,False
2316,1.6044921875,1.5986328125,1.6015625,5.859375,True,0.118342704644503,0.3840949535369873,True,,,False
2317,1.646484375,1.58984375,1.6181640625,56.640625,True,1.1439845408606328,0.39086294174194336,True,,,False
2318,1.5830078125,1.5751953125,1.5791015625,7.8125,True,0.1577934500393741,0.39056968688964844,True,,,False
2319,1.6201171875,1.6162109375,1.6181640625,3.90625,True,0.07889863675480101,0.3905813694000244,True,,,False
2320,1.5986328125,1.6171875,1.60791015625,-18.5546875,True,0.3747672833515004,0.38405942916870117,True,,,False
2321,1.5400390625,1.517578125,1.52880859375,22.4609375,True,0.45363169069567494,0.38509416580200195,True,,,False
2322,1.66796875,1.6181640625,1.64306640625,49.8046875,True,1.005991959203987,0.39005446434020996,True,,,False
2323,1.576171875,1.5712890625,1.57373046875,4.8828125,True,0.09862102873441275,0.38434648513793945,True,,,False
2324,1.5693359375,1.5712890625,1.5703125,-1.953125,True,0.03944697957566159,0.3844790458679199,True,,,False
2325,1.50390625,1.5478515625,1.52587890625,-43.9453125,True,0.8875576433626255,0.39035582542419434,True,,,False
2326,1.591796875,1.6171875,1.6044921875,-25.390625,True,0.5128180762925542,0.3905832767486572,True,,,False
2327,1.6064453125,1.5888671875,1.59765625,17.578125,True,0.35501944533468605,0.38318824768066406,True,,,False
2328,1.5419921875,1.55078125,1.54638671875,-8.7890625,True,0.17749947928982954,0.39215707778930664,True,,,False
2329,1.56640625,1.5283203125,1.54736328125,38.0859375,True,0.7692542459294839,0.385272741317749,True,,,False
2330,1.603515625,1.5126953125,1.55810546875,90.8203125,True,1.834275947133075,0.3835020065307617,True,,,False
2331,1.5791015625,1.55078125,1.56494140625,28.3203125,True,0.5719985068076165,0.39045143127441406,True,,,False
2332,1.6650390625,1.6162109375,1.640625,48.828125,True,0.9861719284162669,0.3893585205078125,True,,,False
2333,1.591796875,1.5888671875,1.59033203125,2.9296875,True,0.05917051641522296,0.38565611839294434,True,,,False
2334,1.55078125,1.4970703125,1.52392578125,53.7109375,True,1.0847962467262653,0.3850421905517578,True,,,False
2335,1.5712890625,1.5615234375,1.56640625,9.765625,True,0.19724073068296816,0.3898143768310547,True,,,False
2336,1.55859375,1.576171875,1.5673828125,-17.578125,True,0.3550259742699463,0.38936710357666016,True,,,False
2337,1.5771484375,1.5771484375,1.5771484375,0.0,True,0.0,0.3847975730895996,True,,,False
2338,1.580078125,1.5849609375,1.58251953125,-4.8828125,True,0.09862170348268597,0.3841257095336914,True,,,False
2339,1.533203125,1.513671875,1.5234375,19.53125,True,0.3944726965206315,0.3907968997955322,True,,,False
2340,1.572265625,1.5908203125,1.58154296875,-18.5546875,True,0.3747557086720318,0.3852050304412842,True,,,False
2341,1.5634765625,1.58984375,1.57666015625,-26.3671875,True,0.5325363300411488,0.38634490966796875,True,,,False
2342,1.595703125,1.5869140625,1.59130859375,8.7890625,True,0.17752128818760507,0.3906235694885254,True,,,False
2343,1.564453125,1.6025390625,1.58349609375,-38.0859375,True,0.7692206635953281,0.3833742141723633,True,,,False
2344,1.5927734375,1.5517578125,1.572265625,41.015625,True,0.8283996358053525,0.39064812660217285,True,,,False
2345,1.595703125,1.580078125,1.587890625,15.625,True,0.3155721921169552,0.39204978942871094,True,,,False
2346,1.5400390625,1.603515625,1.57177734375,-63.4765625,True,1.2820683753966358,0.3837709426879883,True,,,False
2347,1.5986328125,1.6064453125,1.6025390625,-7.8125,True,0.15779574513816716,0.38447999954223633,True,,,False
2348,1.4951171875,1.5712890625,1.533203125,-76.171875,True,1.538448803546533,0.3853726387023926,True,,,False
2349,1.5673828125,1.560546875,1.56396484375,6.8359375,True,0.13806216049929668,0.3894023895263672,True,,,False
2350,1.6005859375,1.6171875,1.60888671875,-16.6015625,True,0.3353215527826001,0.3844718933105469,True,,,False
2351,1.5947265625,1.587890625,1.59130859375,6.8359375,True,0.13806811613839756,0.3844029903411865,True,,,False
2352,1.4765625,1.4931640625,1.48486328125,-16.6015625,True,0.33531130871850334,0.39205026626586914,True,,,False
2353,1.5546875,1.5078125,1.53125,46.875,True,0.9467536170922812,0.391340970993042,True,,,False
2354,1.5849609375,1.61328125,1.59912109375,-28.3203125,True,0.5719967945510335,0.383098840713501,True,,,False
2355,1.5244140625,1.587890625,1.55615234375,-63.4765625,True,1.2820775462341534,0.38492822647094727,True,,,False
2356,1.546875,1.5654296875,1.55615234375,-18.5546875,True,0.37477428033335636,0.3949241638183594,True,,,False
2357,1.4951171875,1.521484375,1.50830078125,-26.3671875,True,0.5325684901136654,0.38717150688171387,True,,,False
2358,1.4990234375,1.525390625,1.51220703125,-26.3671875,True,0.5325328693409749,0.38420939445495605,True,,,False
2359,1.564453125,1.583984375,1.57421875,-19.53125,True,0.39447962274805454,0.38955235481262207,True,,,False
2360,1.5732421875,1.6533203125,1.61328125,-80.078125,True,1.6173924835727984,0.3847849369049072,True,,,False
2361,1.595703125,1.572265625,1.583984375,23.4375,True,0.47339101565028213,0.38329386711120605,True,,,False
2362,1.6298828125,1.61328125,1.62158203125,16.6015625,True,0.33531399707684245,0.38544750213623047,True,,,False
2363,1.5654296875,1.5546875,1.56005859375,10.7421875,True,0.21698411894693548,0.39181971549987793,True,,,False
2364,1.537109375,1.5400390625,1.53857421875,-2.9296875,True,0.05917387536530022,0.3824775218963623,True,,,False
2365,1.6376953125,1.5908203125,1.6142578125,46.875,True,0.9467066513823558,0.3837406635284424,True,,,False
2366,1.58203125,1.5869140625,1.58447265625,-4.8828125,True,0.09862352768209903,0.3900721073150635,True,,,False
2367,1.5517578125,1.55078125,1.55126953125,0.9765625,True,0.01972425749255883,0.39322900772094727,True,,,False
2368,1.6494140625,1.62890625,1.63916015625,20.5078125,True,0.41421703925884595,0.38510775566101074,True,,,False
2369,1.5673828125,1.5595703125,1.5634765625,7.8125,True,0.15779540223999333,0.38402700424194336,True,,,False
2370,1.5625,1.533203125,1.5478515625,29.296875,True,0.5917247511777526,0.3902881145477295,True,,,False
2371,1.576171875,1.6064453125,1.59130859375,-30.2734375,True,0.6114294850012725,0.3861994743347168,True,,,False
2372,1.5185546875,1.5390625,1.52880859375,-20.5078125,True,0.4142127874507898,0.3836541175842285,True,,,False
2373,1.60546875,1.60546875,1.60546875,0.0,True,0.0,0.3946998119354248,True,,,False
2374,1.576171875,1.576171875,1.576171875,0.0,True,0.0,0.3835487365722656,True,,,False
2375,1.517578125,1.5390625,1.5283203125,-21.484375,True,0.4339152469468898,0.3858180046081543,True,,,False
2376,1.576171875,1.5517578125,1.56396484375,24.4140625,True,0.4930833669472198,0.3849210739135742,True,,,False
2377,1.541015625,1.5712890625,1.55615234375,-30.2734375,True,0.6114616513080057,0.39192914962768555,True,,,False
2378,1.5166015625,1.5126953125,1.5146484375,3.90625,True,0.07889696747486581,0.38548946380615234,True,,,False
2379,1.552734375,1.58203125,1.5673828125,-29.296875,True,0.5917155471352515,0.3868896961212158,True,,,False
2380,1.5068359375,1.546875,1.52685546875,-40.0390625,True,0.8087048516186033,0.3898029327392578,True,,,False
2381,1.4951171875,1.51171875,1.50341796875,-16.6015625,True,0.3353138809236894,0.38680148124694824,True,,,False
2382,1.580078125,1.580078125,1.580078125,0.0,True,0.0,0.3859436511993408,True,,,False
2383,1.646484375,1.60546875,1.6259765625,41.015625,True,0.8284694644619657,0.3916792869567871,True,,,False
2384,1.552734375,1.5537109375,1.55322265625,-0.9765625,True,0.01972407088732777,0.39437317848205566,True,,,False
2385,1.5498046875,1.56640625,1.55810546875,-16.6015625,True,0.3353236857984363,0.38425326347351074,True,,,False
2386,1.556640625,1.5625,1.5595703125,-5.859375,True,0.11834588824984942,0.38465452194213867,True,,,False
2387,1.5537109375,1.55859375,1.55615234375,-4.8828125,True,0.09861627118638042,0.390777587890625,True,,,False
2388,1.548828125,1.552734375,1.55078125,-3.90625,True,0.07889703720552743,0.38322973251342773,True,,,False
2389,1.5537109375,1.580078125,1.56689453125,-26.3671875,True,0.5325481510797674,0.38253331184387207,True,,,False
2390,1.5888671875,1.5712890625,1.580078125,17.578125,True,0.3550224685264008,0.3900563716888428,True,,,False
2391,1.578125,1.552734375,1.5654296875,25.390625,True,0.5128344854359204,0.38474154472351074,True,,,False
2392,1.5576171875,1.564453125,1.56103515625,-6.8359375,True,0.1380693554516778,0.3820679187774658,True,,,False
2393,1.529296875,1.5361328125,1.53271484375,-6.8359375,True,0.1380683523582702,0.38878965377807617,True,,,False
2394,1.5986328125,1.5986328125,1.5986328125,0.0,True,0.0,0.39385032653808594,True,,,False
2395,1.45703125,1.5087890625,1.48291015625,-51.7578125,True,1.0454035617637532,0.38701939582824707,True,,,False
2396,1.6337890625,1.6279296875,1.630859375,5.859375,True,0.11834835295554441,0.3892204761505127,True,,,False
2397,1.521484375,1.513671875,1.517578125,7.8125,True,0.15779286039878007,0.3927733898162842,True,,,False
2398,1.611328125,1.5771484375,1.59423828125,34.1796875,True,0.6903747175664828,0.38393712043762207,True,,,False
2399,1.5400390625,1.5283203125,1.5341796875,11.71875,True,0.23668580696132877,0.38474345207214355,True,,,False
2400,1.537109375,1.580078125,1.55859375,-42.96875,True,0.8678979620743072,0.3911435604095459,True,,,False
2401,1.61328125,1.62109375,1.6171875,-7.8125,True,0.1577880717350278,0.5592107772827148,True,,,False
2402,1.5869140625,1.544921875,1.56591796875,41.9921875,True,0.848139015319549,0.38747096061706543,True,,,False
2403,1.6025390625,1.599609375,1.60107421875,2.9296875,True,0.059172194557210074,0.39180588722229004,True,,,False
2404,1.5791015625,1.5615234375,1.5703125,17.578125,True,0.35502811155794456,0.3865525722503662,True,,,False
2405,1.5859375,1.5146484375,1.55029296875,71.2890625,True,1.4398449002305533,0.38658809661865234,True,,,False
2406,1.54296875,1.5537109375,1.54833984375,-10.7421875,True,0.21695452482201213,0.38733744621276855,True,,,False
2407,1.5546875,1.5546875,1.5546875,0.0,True,0.0,0.5106778144836426,True,,,False
2408,1.5625,1.5615234375,1.56201171875,0.9765625,True,0.019725295856355497,0.3943629264831543,True,,,False
2409,1.5849609375,1.623046875,1.60400390625,-38.0859375,True,0.7692762661057646,0.3834080696105957,True,,,False
2410,1.6044921875,1.595703125,1.60009765625,8.7890625,True,0.17752283970532232,0.3895714282989502,True,,,False
2411,1.5986328125,1.5322265625,1.5654296875,66.40625,True,1.341248902282426,0.38931846618652344,True,,,False
2412,1.541015625,1.546875,1.5439453125,-5.859375,True,0.11834367443081394,0.3945326805114746,True,,,False
2413,1.599609375,1.5556640625,1.57763671875,43.9453125,True,0.8876441985222895,0.402036190032959,True,,,False
2414,1.564453125,1.5458984375,1.55517578125,18.5546875,True,0.37475674532665504,0.389939546585083,True,,,False
2415,1.5419921875,1.509765625,1.52587890625,32.2265625,True,0.650899413687043,0.3818328380584717,True,,,False
2416,1.5771484375,1.58984375,1.58349609375,-12.6953125,True,0.2564012247687626,0.38299560546875,True,,,False
2417,1.505859375,1.5029296875,1.50439453125,2.9296875,True,0.0591719174025998,0.3899962902069092,True,,,False
2418,1.62890625,1.5888671875,1.60888671875,40.0390625,True,0.8087439807902462,0.38259172439575195,True,,,False
2419,1.5322265625,1.5224609375,1.52734375,9.765625,True,0.19723781360646023,0.38341426849365234,True,,,False
2420,1.5654296875,1.53515625,1.55029296875,30.2734375,True,0.6114719777447131,0.37197256088256836,True,,,False
2421,1.55859375,1.5419921875,1.55029296875,16.6015625,True,0.33532375513197304,0.3837771415710449,True,,,False
2422,1.521484375,1.5322265625,1.52685546875,-10.7421875,True,0.2169630287432503,0.3817868232727051,True,,,False
2423,1.546875,1.5234375,1.53515625,23.4375,True,0.47337184435162744,0.3892998695373535,True,,,False
2424,1.4755859375,1.5146484375,1.4951171875,-39.0625,True,0.7889601383764974,0.3829679489135742,True,,,False
2425,1.6474609375,1.658203125,1.65283203125,-10.7421875,True,0.21696210472150754,0.383758544921875,True,,,False
2426,1.57421875,1.5615234375,1.56787109375,12.6953125,True,0.2564214166087575,0.3840973377227783,True,,,False
2427,1.5478515625,1.5390625,1.54345703125,8.7890625,True,0.17751713800238503,0.38668227195739746,True,,,False
2428,1.5400390625,1.5205078125,1.5302734375,19.53125,True,0.3944839516113517,0.3835742473602295,True,,,False
2429,1.6318359375,1.630859375,1.63134765625,0.9765625,True,0.019724782712446775,0.3832230567932129,True,,,False
2430,1.5615234375,1.61328125,1.58740234375,-51.7578125,True,1.045393783627615,0.3999185562133789,True,,,False
2431,1.595703125,1.595703125,1.595703125,0.0,True,0.0,0.38161635398864746,True,,,False
2432,1.625,1.599609375,1.6123046875,25.390625,True,0.512825554590982,0.38265085220336914,True,,,False
2433,1.5380859375,1.501953125,1.52001953125,36.1328125,True,0.7298029449935186,0.382615327835083,True,,,False
2434,1.5712890625,1.599609375,1.58544921875,-28.3203125,True,0.5720369740726037,0.3896512985229492,True,,,False
2435,1.53125,1.5712890625,1.55126953125,-40.0390625,True,0.8086381105533986,0.38270020484924316,True,,,False
2436,1.484375,1.474609375,1.4794921875,9.765625,True,0.19724179563132227,0.3835287094116211,True,,,False
2437,1.623046875,1.6005859375,1.61181640625,22.4609375,True,0.4536533874594786,0.3998134136199951,True,,,False
2438,1.5771484375,1.5732421875,1.5751953125,3.90625,True,0.07889296715958373,0.38463926315307617,True,,,False
2439,1.5712890625,1.580078125,1.57568359375,-8.7890625,True,0.1775093943093991,0.38370442390441895,True,,,False
2440,1.6259765625,1.626953125,1.62646484375,-0.9765625,True,0.019723710173436167,0.39207029342651367,True,,,False
2441,1.56640625,1.6259765625,1.59619140625,-59.5703125,True,1.203210102632392,0.3850972652435303,True,,,False
2442,1.564453125,1.5419921875,1.55322265625,22.4609375,True,0.45366446483190964,0.38378429412841797,True,,,False
2443,1.513671875,1.525390625,1.51953125,-11.71875,True,0.23668168346002388,0.3833918571472168,True,,,False
2444,1.591796875,1.6123046875,1.60205078125,-20.5078125,True,0.4142136260003659,0.39469075202941895,True,,,False
2445,1.5810546875,1.58984375,1.58544921875,-8.7890625,True,0.17752056303117136,0.3808634281158447,True,,,False
2446,1.59375,1.6064453125,1.60009765625,-12.6953125,True,0.25641646587655453,0.3845558166503906,True,,,False
2447,1.525390625,1.5380859375,1.53173828125,-12.6953125,True,0.256410416379444,0.38898158073425293,True,,,False
2448,1.541015625,1.572265625,1.556640625,-31.25,True,0.6311647279174434,0.38449525833129883,True,,,False
2449,1.5693359375,1.5224609375,1.5458984375,46.875,True,0.9467700087323041,0.3813908100128174,True,,,False
2450,1.5458984375,1.556640625,1.55126953125,-10.7421875,True,0.21696576237333404,0.38313770294189453,True,,,False
2451,1.541015625,1.56640625,1.5537109375,-25.390625,True,0.5127996264885464,0.38707590103149414,True,,,False
2452,1.6064453125,1.603515625,1.60498046875,2.9296875,True,0.05917448848105,0.38573670387268066,True,,,False
2453,1.57421875,1.5927734375,1.58349609375,-18.5546875,True,0.37476903378192133,0.3836033344268799,True,,,False
2454,1.5556640625,1.5703125,1.56298828125,-14.6484375,True,0.2958612885700049,0.3917839527130127,True,,,False
2455,1.5791015625,1.59765625,1.58837890625,-18.5546875,True,0.37476914108740295,0.3832218647003174,True,,,False
2456,1.5458984375,1.53515625,1.54052734375,10.7421875,True,0.21696013231817643,0.3837423324584961,True,,,False
2457,1.5869140625,1.568359375,1.57763671875,18.5546875,True,0.37473665635217734,0.38428378105163574,True,,,False
2458,1.513671875,1.515625,1.5146484375,-1.953125,True,0.03944909530377059,0.3905222415924072,True,,,False
2459,1.58984375,1.580078125,1.5849609375,9.765625,True,0.19723731613488008,0.38260841369628906,True,,,False
2460,1.5654296875,1.5712890625,1.568359375,-5.859375,True,0.1183432604720294,0.38307857513427734,True,,,False
2461,1.56640625,1.587890625,1.5771484375,-21.484375,True,0.4339263082049603,0.40021753311157227,True,,,False
2462,1.556640625,1.54296875,1.5498046875,13.671875,True,0.27613047323051815,0.38283228874206543,True,,,False
2463,1.5849609375,1.5947265625,1.58984375,-9.765625,True,0.19724582109947217,0.38328051567077637,True,,,False
2464,1.53125,1.498046875,1.5146484375,33.203125,True,0.6705957728452856,0.3853929042816162,True,,,False
2465,1.5458984375,1.5380859375,1.5419921875,7.8125,True,0.1577815392759075,0.3895387649536133,True,,,False
2466,1.552734375,1.5087890625,1.53076171875,43.9453125,True,0.8876177410559972,0.38326239585876465,True,,,False
2467,1.5078125,1.4892578125,1.49853515625,18.5546875,True,0.37474630034972684,0.38448476791381836,True,,,False
2468,1.53125,1.474609375,1.5029296875,56.640625,True,1.1440161085480123,0.3904871940612793,True,,,False
2469,1.5283203125,1.529296875,1.52880859375,-0.9765625,True,0.019723780426091242,0.38187646865844727,True,,,False
2470,1.56640625,1.6005859375,1.58349609375,-34.1796875,True,0.6903423020680869,0.38403892517089844,True,,,False
2471,1.57421875,1.578125,1.576171875,-3.90625,True,0.07889391735023736,0.38997316360473633,True,,,False
2472,1.5380859375,1.546875,1.54248046875,-8.7890625,True,0.1775124810332103,0.38501882553100586,True,,,False
2473,1.5419921875,1.5595703125,1.55078125,-17.578125,True,0.35503373254399173,0.38451266288757324,True,,,False
2474,1.541015625,1.525390625,1.533203125,15.625,True,0.3155929219304422,0.3880147933959961,True,,,False
2475,1.5419921875,1.5703125,1.55615234375,-28.3203125,True,0.5720343039775297,0.38929176330566406,True,,,False
2476,1.6103515625,1.6171875,1.61376953125,-6.8359375,True,0.1380633383888422,0.3838388919830322,True,,,False
2477,1.5302734375,1.5625,1.54638671875,-32.2265625,True,0.650908315100459,0.3816361427307129,True,,,False
2478,1.50390625,1.5322265625,1.51806640625,-28.3203125,True,0.5720224921065794,0.387847900390625,True,,,False
2479,1.5908203125,1.6259765625,1.6083984375,-35.15625,True,0.7100291409213337,0.38753509521484375,True,,,False
2480,1.7041015625,1.6689453125,1.6865234375,35.15625,True,0.710092186957272,0.3836376667022705,True,,,False
2481,1.609375,1.6103515625,1.60986328125,-0.9765625,True,0.01972244953174839,0.3856329917907715,True,,,False
2482,1.5791015625,1.5849609375,1.58203125,-5.859375,True,0.11834015093858485,0.3821260929107666,True,,,False
2483,1.6015625,1.623046875,1.6123046875,-21.484375,True,0.43393442979647767,0.3828718662261963,True,,,False
2484,1.615234375,1.6123046875,1.61376953125,2.9296875,True,0.05916853617398619,0.3896210193634033,True,,,False
2485,1.6572265625,1.63671875,1.64697265625,20.5078125,True,0.41421888187678696,0.3870267868041992,True,,,False
2486,1.501953125,1.5068359375,1.50439453125,-4.8828125,True,0.0986236368381864,0.3832738399505615,True,,,False
2487,1.494140625,1.4873046875,1.49072265625,6.8359375,True,0.13807104009285295,0.38256168365478516,True,,,False
2488,1.5693359375,1.6171875,1.59326171875,-47.8515625,True,0.9664860802070838,0.391251802444458,True,,,False
2489,1.4873046875,1.4716796875,1.4794921875,15.625,True,0.3155916066236113,0.3824152946472168,True,,,False
2490,1.5546875,1.5615234375,1.55810546875,-6.8359375,True,0.13807269948491846,0.38248300552368164,True,,,False
2491,1.5888671875,1.5478515625,1.568359375,41.015625,True,0.8283982618815622,0.38672614097595215,True,,,False
2492,1.5927734375,1.634765625,1.61376953125,-41.9921875,True,0.8481254471908815,0.48120927810668945,True,,,False
2493,1.578125,1.5556640625,1.56689453125,22.4609375,True,0.45367893956691246,0.39696741104125977,True,,,False
2494,1.5126953125,1.4990234375,1.505859375,13.671875,True,0.27612244636455624,0.38556504249572754,True,,,False
2495,1.5634765625,1.5751953125,1.5693359375,-11.71875,True,0.23668423302905148,0.3904542922973633,True,,,False
2496,1.546875,1.5576171875,1.55224609375,-10.7421875,True,0.21697574812691353,0.38657689094543457,True,,,False
2497,1.66015625,1.6337890625,1.64697265625,26.3671875,True,0.5325390933453902,0.39217662811279297,True,,,False
2498,1.556640625,1.578125,1.5673828125,-21.484375,True,0.43393085719134417,0.39911651611328125,True,,,False
2499,1.5458984375,1.5625,1.55419921875,-16.6015625,True,0.3353069761345712,0.38513708114624023,True,,,False
2500,1.533203125,1.5380859375,1.53564453125,-4.8828125,True,0.09861971162933832,3.2658233642578125,True,1.5523570147833723,0.3360655737704918,False
2501,1.564453125,1.5302734375,1.54736328125,34.1796875,True,0.6903200582021951,0.9012610912322998,True,,,False
2502,1.53125,1.5517578125,1.54150390625,-20.5078125,True,0.41415980713380995,0.3847653865814209,True,,,False
2503,1.5546875,1.619140625,1.5869140625,-64.453125,True,1.3017601266805887,0.40003490447998047,True,,,False
2504,1.56640625,1.5517578125,1.55908203125,14.6484375,True,0.2958602076677971,0.38405585289001465,True,,,False
2505,1.591796875,1.5732421875,1.58251953125,18.5546875,True,0.37476533157816183,0.384143590927124,True,,,False
2506,1.5302734375,1.51171875,1.52099609375,18.5546875,True,0.37473292491175614,0.39858102798461914,True,,,False
2507,1.5908203125,1.5810546875,1.5859375,9.765625,True,0.19724812118108045,0.3854255676269531,True,,,False
2508,1.5283203125,1.568359375,1.54833984375,-40.0390625,True,0.8087204966681093,0.38675355911254883,True,,,False
2509,1.5419921875,1.54296875,1.54248046875,-0.9765625,True,0.019724399120773638,0.38663816452026367,True,,,False
2510,1.5712890625,1.56640625,1.56884765625,4.8828125,True,0.09861952665437598,0.39789247512817383,True,,,False
2511,1.630859375,1.6279296875,1.62939453125,2.9296875,True,0.05917185726608085,0.3844032287597656,True,,,False
2512,1.552734375,1.5625,1.5576171875,-9.765625,True,0.1972492082594206,0.38727593421936035,True,,,False
2513,1.5498046875,1.5732421875,1.5615234375,-23.4375,True,0.4733607806703428,0.39565420150756836,True,,,False
2514,1.54296875,1.54296875,1.54296875,0.0,True,0.0,0.3863980770111084,True,,,False
2515,1.513671875,1.5576171875,1.53564453125,-43.9453125,True,0.8875999365570735,0.3852047920227051,True,,,False
2516,1.5615234375,1.5419921875,1.5517578125,19.53125,True,0.39450003777523224,0.38669323921203613,True,,,False
2517,1.49609375,1.46484375,1.48046875,31.25,True,0.63117033118042,0.395355224609375,True,,,False
2518,1.591796875,1.5830078125,1.58740234375,8.7890625,True,0.17752226474441568,0.38436341285705566,True,,,False
2519,1.4765625,1.54296875,1.509765625,-66.40625,True,1.341222869031427,0.3867459297180176,True,,,False
2520,1.5927734375,1.609375,1.60107421875,-16.6015625,True,0.3353280204958243,0.391925573348999,True,,,False
2521,1.5546875,1.560546875,1.5576171875,-5.859375,True,0.11833646496133719,0.3908669948577881,True,,,False
2522,1.5947265625,1.56640625,1.58056640625,28.3203125,True,0.5719689710101905,0.38567352294921875,True,,,False
2523,1.470703125,1.5126953125,1.49169921875,-41.9921875,True,0.8480958694290922,0.3933103084564209,True,,,False
2524,1.509765625,1.5146484375,1.51220703125,-4.8828125,True,0.09862083579941615,0.3848574161529541,True,,,False
2525,1.4697265625,1.5302734375,1.5,-60.546875,True,1.2228816251479881,0.385939359664917,True,,,False
2526,1.552734375,1.583984375,1.568359375,-31.25,True,0.6311467873667851,0.3860762119293213,True,,,False
2527,1.505859375,1.623046875,1.564453125,-117.1875,True,2.3668085305790236,0.39648985862731934,True,,,False
2528,1.5830078125,1.5947265625,1.5888671875,-11.71875,True,0.23668914400063015,0.38492298126220703,True,,,False
2529,1.61328125,1.60546875,1.609375,7.8125,True,0.15779461396392525,0.385530948638916,True,,,False
2530,1.603515625,1.5888671875,1.59619140625,14.6484375,True,0.29585888522606724,0.3990626335144043,True,,,False
2531,1.5537109375,1.5166015625,1.53515625,37.109375,True,0.749489018423488,0.3847694396972656,True,,,False
2532,1.5595703125,1.544921875,1.55224609375,14.6484375,True,0.295851783150257,0.3841722011566162,True,,,False
2533,1.5029296875,1.4658203125,1.484375,37.109375,True,0.7495075491270965,0.38823485374450684,True,,,False
2534,1.5908203125,1.5693359375,1.580078125,21.484375,True,0.4339254031358904,0.3935518264770508,True,,,False
2535,1.51953125,1.5732421875,1.54638671875,-53.7109375,True,1.0848918637788245,0.3884446620941162,True,,,False
2536,1.5478515625,1.5478515625,1.5478515625,0.0,True,0.0,0.3921511173248291,True,,,False
2537,1.5927734375,1.6220703125,1.607421875,-29.296875,True,0.5917111440552374,0.3953566551208496,True,,,False
2538,1.5322265625,1.5458984375,1.5390625,-13.671875,True,0.27613520075917886,0.3832511901855469,True,,,False
2539,1.564453125,1.619140625,1.591796875,-54.6875,True,1.1045952915174393,0.3859565258026123,True,,,False
2540,1.5673828125,1.5908203125,1.5791015625,-23.4375,True,0.4733820664874252,0.39513659477233887,True,,,False
2541,1.5966796875,1.494140625,1.54541015625,102.5390625,True,2.0710818624733007,0.3686044216156006,True,,,False
2542,1.6162109375,1.56640625,1.59130859375,49.8046875,True,1.0059476476785405,0.38683247566223145,True,,,False
2543,1.560546875,1.4921875,1.5263671875,68.359375,True,1.3807587979541784,0.3859694004058838,True,,,False
2544,1.5341796875,1.5048828125,1.51953125,29.296875,True,0.5917132414470636,0.3910183906555176,True,,,False
2545,1.52734375,1.5,1.513671875,27.34375,True,0.552264193893047,0.3843567371368408,True,,,False
2546,1.5751953125,1.5576171875,1.56640625,17.578125,True,0.355046193282713,0.3838167190551758,True,,,False
2547,1.5302734375,1.4990234375,1.5146484375,31.25,True,0.6311497672765213,0.40364956855773926,True,,,False
2548,1.5478515625,1.55859375,1.55322265625,-10.7421875,True,0.21696462652751106,0.3862724304199219,True,,,False
2549,1.5791015625,1.5751953125,1.5771484375,3.90625,True,0.07889795361518337,0.3850088119506836,True,,,False
2550,1.5849609375,1.572265625,1.57861328125,12.6953125,True,0.256412662998521,0.3939073085784912,True,,,False
2551,1.5419921875,1.55078125,1.54638671875,-8.7890625,True,0.17751542061666292,0.3865792751312256,True,,,False
2552,1.525390625,1.544921875,1.53515625,-19.53125,True,0.39446313180833753,0.38430237770080566,True,,,False
2553,1.5712890625,1.5634765625,1.5673828125,7.8125,True,0.15778953581619162,0.38971447944641113,True,,,False
2554,1.6025390625,1.611328125,1.60693359375,-8.7890625,True,0.1775095349607842,0.39252305030822754,True,,,False
2555,1.5322265625,1.529296875,1.53076171875,2.9296875,True,0.059174224686524446,0.38506412506103516,True,,,False
2556,1.580078125,1.625,1.6025390625,-44.921875,True,0.9073173808231382,0.38758325576782227,True,,,False
2557,1.60546875,1.6220703125,1.61376953125,-16.6015625,True,0.3352845899597409,0.3914332389831543,True,,,False
2558,1.568359375,1.6083984375,1.58837890625,-40.0390625,True,0.8087397852411644,0.3852863311767578,True,,,False
2559,1.5322265625,1.5498046875,1.541015625,-17.578125,True,0.35503547409923697,0.3840498924255371,True,,,False
2560,1.5771484375,1.5703125,1.57373046875,6.8359375,True,0.13807510767393355,0.3924596309661865,True,,,False
2561,1.5625,1.5400390625,1.55126953125,22.4609375,True,0.4536720627680765,0.3895444869995117,True,,,False
2562,1.607421875,1.5693359375,1.58837890625,38.0859375,True,0.7692735157749807,0.3836517333984375,True,,,False
2563,1.6318359375,1.6630859375,1.6474609375,-31.25,True,0.6311649570442008,0.38376545906066895,True,,,False
2564,1.5068359375,1.5458984375,1.5263671875,-39.0625,True,0.7889714293341006,0.3921012878417969,True,,,False
2565,1.544921875,1.5419921875,1.54345703125,2.9296875,True,0.059167791390081055,0.38652682304382324,True,,,False
2566,1.51953125,1.4892578125,1.50439453125,30.2734375,True,0.6114353799828983,0.48627376556396484,True,,,False
2567,1.5419921875,1.5712890625,1.556640625,-29.296875,True,0.591721983823824,0.40615391731262207,True,,,False
2568,1.5078125,1.47265625,1.490234375,35.15625,True,0.7100675545781708,0.38487768173217773,True,,,False
2569,1.552734375,1.662109375,1.607421875,-109.375,True,2.2090343815017928,0.3846304416656494,True,,,False
2570,1.5703125,1.5888671875,1.57958984375,-18.5546875,True,0.37475604259709583,0.405548095703125,True,,,False
2571,1.498046875,1.544921875,1.521484375,-46.875,True,0.9467873832904724,0.3941624164581299,True,,,False
2572,1.509765625,1.4970703125,1.50341796875,12.6953125,True,0.2564158295982924,0.39781880378723145,True,,,False
2573,1.5419921875,1.548828125,1.54541015625,-6.8359375,True,0.13807309811273075,0.3857228755950928,True,,,False
2574,1.560546875,1.57421875,1.5673828125,-13.671875,True,0.27613231953607986,0.3964366912841797,True,,,False
2575,1.5322265625,1.5146484375,1.5234375,17.578125,True,0.35503806892525597,0.383378267288208,True,,,False
2576,1.525390625,1.5087890625,1.51708984375,16.6015625,True,0.3352983277712817,0.3832576274871826,True,,,False
2577,1.5947265625,1.57421875,1.58447265625,20.5078125,True,0.41419458908886975,0.39435267448425293,True,,,False
2578,1.5234375,1.525390625,1.5244140625,-1.953125,True,0.03944537549649727,0.3839902877807617,True,,,False
2579,1.615234375,1.630859375,1.623046875,-15.625,True,0.31558790455661534,0.38904619216918945,True,,,False
2580,1.6201171875,1.57421875,1.59716796875,45.8984375,True,0.9271010073025606,0.3841273784637451,True,,,False
2581,1.5302734375,1.52734375,1.52880859375,2.9296875,True,0.05917282031362167,0.38860464096069336,True,,,False
2582,1.576171875,1.5771484375,1.57666015625,-0.9765625,True,0.019723833525994855,0.3831167221069336,True,,,False
2583,1.5673828125,1.5458984375,1.556640625,21.484375,True,0.4339230291313703,0.38202428817749023,True,,,False
2584,1.4990234375,1.50390625,1.50146484375,-4.8828125,True,0.09862349345083746,0.38838768005371094,True,,,False
2585,1.5751953125,1.5703125,1.57275390625,4.8828125,True,0.09862549747228452,0.38442015647888184,True,,,False
2586,1.544921875,1.5986328125,1.57177734375,-53.7109375,True,1.0847232610200082,0.3812892436981201,True,,,False
2587,1.5673828125,1.587890625,1.57763671875,-20.5078125,True,0.41422912340171947,0.3877675533294678,True,,,False
2588,1.4658203125,1.5234375,1.49462890625,-57.6171875,True,1.1636655140689172,0.38887858390808105,True,,,False
2589,1.5966796875,1.6005859375,1.5986328125,-3.90625,True,0.07889774562971927,0.38398098945617676,True,,,False
2590,1.61328125,1.6015625,1.607421875,11.71875,True,0.23671244418718312,0.38367629051208496,True,,,False
2591,1.5498046875,1.5537109375,1.5517578125,-3.90625,True,0.07889569388271338,0.39519691467285156,True,,,False
2592,1.607421875,1.58203125,1.5947265625,25.390625,True,0.51281648677472,0.38388991355895996,True,,,False
2593,1.6328125,1.609375,1.62109375,23.4375,True,0.4733649209406891,0.3840909004211426,True,,,False
2594,1.525390625,1.5078125,1.5166015625,17.578125,True,0.3550503542939701,0.3896338939666748,True,,,False
2595,1.6494140625,1.6259765625,1.6376953125,23.4375,True,0.47337344336803344,0.3876793384552002,True,,,False
2596,1.5380859375,1.5234375,1.53076171875,14.6484375,True,0.2958591150369175,0.3856801986694336,True,,,False
2597,1.54296875,1.513671875,1.5283203125,29.296875,True,0.5917284962532644,0.38782477378845215,True,,,False
2598,1.5126953125,1.501953125,1.50732421875,10.7421875,True,0.21696758007504346,0.38202404975891113,True,,,False
2599,1.5498046875,1.572265625,1.56103515625,-22.4609375,True,0.4536559951111981,0.38245582580566406,True,,,False
2600,1.5771484375,1.572265625,1.57470703125,4.8828125,True,0.09861829975728234,0.3862760066986084,True,,,False
2601,1.580078125,1.6123046875,1.59619140625,-32.2265625,True,0.65089821217281,0.572441816329956,True,,,False
2602,1.5126953125,1.546875,1.52978515625,-34.1796875,True,0.6903742944645992,0.38204097747802734,True,,,False
2603,1.55859375,1.5224609375,1.54052734375,36.1328125,True,0.729832401886707,0.38384366035461426,True,,,False
2604,1.6328125,1.578125,1.60546875,54.6875,True,1.104570822922834,0.38914060592651367,True,,,False
2605,1.5966796875,1.5693359375,1.5830078125,27.34375,True,0.5522615245159088,0.3896615505218506,True,,,False
2606,1.5791015625,1.537109375,1.55810546875,41.9921875,True,0.8481105143942781,0.3828611373901367,True,,,False
2607,1.568359375,1.5791015625,1.57373046875,-10.7421875,True,0.21696826368978567,0.3977627754211426,True,,,False
2608,1.60546875,1.57421875,1.58984375,31.25,True,0.6311317755571015,0.38375306129455566,True,,,False
2609,1.5654296875,1.599609375,1.58251953125,-34.1796875,True,0.6903787510610997,0.3838798999786377,True,,,False
2610,1.5712890625,1.615234375,1.59326171875,-43.9453125,True,0.8876127533821779,0.38342952728271484,True,,,False
2611,1.53515625,1.5517578125,1.54345703125,-16.6015625,True,0.33529939056117325,0.3890237808227539,True,,,False
2612,1.599609375,1.5712890625,1.58544921875,28.3203125,True,0.5719910902311607,0.3836839199066162,True,,,False
2613,1.59765625,1.646484375,1.6220703125,-48.828125,True,0.9862078689307435,0.38381195068359375,True,,,False
2614,1.599609375,1.5947265625,1.59716796875,4.8828125,True,0.09861833452148218,0.3932626247406006,True,,,False
2615,1.513671875,1.5458984375,1.52978515625,-32.2265625,True,0.6509452201094168,0.3841428756713867,True,,,False
2616,1.51171875,1.4765625,1.494140625,35.15625,True,0.7100733880553806,0.38379716873168945,True,,,False
2617,1.5576171875,1.55859375,1.55810546875,-0.9765625,True,0.01972420745300734,0.3887653350830078,True,,,False
2618,1.5732421875,1.62890625,1.60107421875,-55.6640625,True,1.1242787702827808,0.5164079666137695,True,,,False
2619,1.5595703125,1.505859375,1.53271484375,53.7109375,True,1.0848061234577624,0.3836174011230469,True,,,False
2620,1.5693359375,1.552734375,1.56103515625,16.6015625,True,0.3352815779491385,0.39180707931518555,True,,,False
2621,1.5751953125,1.587890625,1.58154296875,-12.6953125,True,0.2564049266671902,0.39026474952697754,True,,,False
2622,1.484375,1.4931640625,1.48876953125,-8.7890625,True,0.17751599981307947,0.38759803771972656,True,,,False
2623,1.568359375,1.5888671875,1.57861328125,-20.5078125,True,0.4142150706024195,0.38561534881591797,True,,,False
2624,1.568359375,1.5400390625,1.55419921875,28.3203125,True,0.5719830734497436,0.39525747299194336,True,,,False
2625,1.599609375,1.546875,1.5732421875,52.734375,True,1.0651260980260315,0.383303165435791,True,,,False
2626,1.517578125,1.544921875,1.53125,-27.34375,True,0.5522884632328217,0.3824958801269531,True,,,False
2627,1.552734375,1.5576171875,1.55517578125,-4.8828125,True,0.09862607896971186,0.3887045383453369,True,,,False
2628,1.53125,1.5146484375,1.52294921875,16.6015625,True,0.3353130750266343,0.38292407989501953,True,,,False
2629,1.5439453125,1.525390625,1.53466796875,18.5546875,True,0.3747469328818217,0.38144898414611816,True,,,False
2630,1.5986328125,1.603515625,1.60107421875,-4.8828125,True,0.09862039414562368,0.3884880542755127,True,,,False
2631,1.60546875,1.5703125,1.587890625,35.15625,True,0.7100926659843475,0.3850586414337158,True,,,False
2632,1.5712890625,1.603515625,1.58740234375,-32.2265625,True,0.6508943659369207,0.3833348751068115,True,,,False
2633,1.646484375,1.5908203125,1.61865234375,55.6640625,True,1.1241953617713871,0.38437414169311523,True,,,False
2634,1.5615234375,1.5927734375,1.5771484375,-31.25,True,0.6311459383063341,0.38725948333740234,True,,,False
2635,1.56640625,1.5478515625,1.55712890625,18.5546875,True,0.3747467946764762,0.38347411155700684,True,,,False
2636,1.58984375,1.6201171875,1.60498046875,-30.2734375,True,0.6114068440703321,0.38683128356933594,True,,,False
2637,1.560546875,1.5703125,1.5654296875,-9.765625,True,0.19724360209246114,0.39987993240356445,True,,,False
2638,1.548828125,1.5693359375,1.55908203125,-20.5078125,True,0.41424150372168705,0.38250136375427246,True,,,False
2639,1.5595703125,1.5625,1.56103515625,-2.9296875,True,0.059168719325396094,0.38576793670654297,True,,,False
2640,1.5029296875,1.5732421875,1.5380859375,-70.3125,True,1.420088307340652,0.38494205474853516,True,,,False
2641,1.568359375,1.564453125,1.56640625,3.90625,True,0.07889294358528184,0.39534711837768555,True,,,False
2642,1.607421875,1.60546875,1.6064453125,1.953125,True,0.039448485710260106,0.3825230598449707,True,,,False
2643,1.5673828125,1.560546875,1.56396484375,6.8359375,True,0.1380601456049337,0.38226938247680664,True,,,False
2644,1.5439453125,1.57421875,1.55908203125,-30.2734375,True,0.6114246719305216,0.390810489654541,True,,,False
2645,1.6357421875,1.6474609375,1.6416015625,-11.71875,True,0.23668706794943412,0.3840038776397705,True,,,False
2646,1.49609375,1.5029296875,1.49951171875,-6.8359375,True,0.138060169283365,0.38498497009277344,True,,,False
2647,1.5546875,1.548828125,1.5517578125,5.859375,True,0.11834187372193443,0.3893876075744629,True,,,False
2648,1.56640625,1.5498046875,1.55810546875,16.6015625,True,0.33530180736096715,0.3853762149810791,True,,,False
2649,1.5439453125,1.5439453125,1.5439453125,0.0,True,0.0,0.4236938953399658,True,,,False
2650,1.5732421875,1.5771484375,1.5751953125,-3.90625,True,0.07889826385984042,0.448472261428833,True,,,False
2651,1.5400390625,1.546875,1.54345703125,-6.8359375,True,0.1380648089694637,0.39676427841186523,True,,,False
2652,1.55859375,1.5595703125,1.55908203125,-0.9765625,True,0.019723337949533303,0.38570117950439453,True,,,False
2653,1.5361328125,1.548828125,1.54248046875,-12.6953125,True,0.256416300849825,0.3880312442779541,True,,,False
2654,1.572265625,1.5810546875,1.57666015625,-8.7890625,True,0.17751373697207934,0.40879058837890625,True,,,False
2655,1.482421875,1.4736328125,1.47802734375,8.7890625,True,0.17751227989318624,0.38963794708251953,True,,,False
2656,1.5908203125,1.59765625,1.59423828125,-6.8359375,True,0.13807052920934235,0.3845486640930176,True,,,False
2657,1.5859375,1.548828125,1.5673828125,37.109375,True,0.7495399705633372,0.39107298851013184,True,,,False
2658,1.53515625,1.505859375,1.5205078125,29.296875,True,0.5917511821198415,0.38558077812194824,True,,,False
2659,1.595703125,1.548828125,1.572265625,46.875,True,0.9467878091867588,0.38628149032592773,True,,,False
2660,1.521484375,1.4892578125,1.50537109375,32.2265625,True,0.650893904898802,0.3863544464111328,True,,,False
2661,1.634765625,1.5537109375,1.59423828125,81.0546875,True,1.6371615784214004,0.39037203788757324,True,,,False
2662,1.4365234375,1.4111328125,1.423828125,25.390625,True,0.5128248789375484,0.3716754913330078,True,,,False
2663,1.478515625,1.4912109375,1.48486328125,-12.6953125,True,0.25641956442713554,0.39117431640625,True,,,False
2664,1.5302734375,1.4921875,1.51123046875,38.0859375,True,0.7692719599069052,0.3922877311706543,True,,,False
2665,1.576171875,1.578125,1.5771484375,-1.953125,True,0.03944655167449267,0.3855111598968506,True,,,False
2666,1.587890625,1.55859375,1.5732421875,29.296875,True,0.591719689750846,0.3855900764465332,True,,,False
2667,1.54296875,1.61328125,1.578125,-70.3125,True,1.4201222296842702,0.3856523036956787,True,,,False
2668,1.580078125,1.6171875,1.5986328125,-37.109375,True,0.7494944736088066,0.396695613861084,True,,,False
2669,1.6142578125,1.6083984375,1.611328125,5.859375,True,0.11834183282304585,0.38582754135131836,True,,,False
2670,1.572265625,1.55859375,1.5654296875,13.671875,True,0.2761293309852425,0.3843386173248291,True,,,False
2671,1.560546875,1.5361328125,1.54833984375,24.4140625,True,0.4931243182225395,0.39061927795410156,True,,,False
2672,1.5517578125,1.603515625,1.57763671875,-51.7578125,True,1.0453440890291195,0.3856990337371826,True,,,False
2673,1.609375,1.6064453125,1.60791015625,2.9296875,True,0.059169776073340015,0.38405323028564453,True,,,False
2674,1.630859375,1.65234375,1.6416015625,-21.484375,True,0.4339708396906828,0.39426302909851074,True,,,False
2675,1.560546875,1.5615234375,1.56103515625,-0.9765625,True,0.019724417894658872,0.38553380966186523,True,,,False
2676,1.583984375,1.5498046875,1.56689453125,34.1796875,True,0.6903424713825623,0.3834505081176758,True,,,False
2677,1.58984375,1.6142578125,1.60205078125,-24.4140625,True,0.49309726079471844,0.3856010437011719,True,,,False
2678,1.5751953125,1.5556640625,1.5654296875,19.53125,True,0.3944947199868356,0.39261674880981445,True,,,False
2679,1.5888671875,1.5947265625,1.591796875,-5.859375,True,0.1183367166977344,0.3876030445098877,True,,,False
2680,1.51171875,1.5498046875,1.53076171875,-38.0859375,True,0.7692420989577025,0.3846869468688965,True,,,False
2681,1.5283203125,1.552734375,1.54052734375,-24.4140625,True,0.4930951123630181,0.3971531391143799,True,,,False
2682,1.533203125,1.53515625,1.5341796875,-1.953125,True,0.039448158328029045,0.38579893112182617,True,,,False
2683,1.55859375,1.537109375,1.5478515625,21.484375,True,0.43394054222036493,0.3845069408416748,True,,,False
2684,1.541015625,1.5751953125,1.55810546875,-34.1796875,True,0.6903391453022882,0.39501166343688965,True,,,False
2685,1.5712890625,1.55859375,1.56494140625,12.6953125,True,0.256406643379381,0.3901636600494385,True,,,False
2686,1.6357421875,1.587890625,1.61181640625,47.8515625,True,0.9665002932396025,0.38550257682800293,True,,,False
2687,1.5810546875,1.57421875,1.57763671875,6.8359375,True,0.13806596047010064,0.39277195930480957,True,,,False
2688,1.56640625,1.5595703125,1.56298828125,6.8359375,True,0.1380656006834891,0.3841285705566406,True,,,False
2689,1.5888671875,1.55078125,1.56982421875,38.0859375,True,0.7692739053493634,0.3848757743835449,True,,,False
2690,1.501953125,1.4775390625,1.48974609375,24.4140625,True,0.4931193248800217,0.38514208793640137,True,,,False
2691,1.62109375,1.6044921875,1.61279296875,16.6015625,True,0.33531416054785373,0.3904440402984619,True,,,False
2692,1.5380859375,1.5341796875,1.5361328125,3.90625,True,0.07889878079817109,0.38549017906188965,True,,,False
2693,1.5830078125,1.5849609375,1.583984375,-1.953125,True,0.039446813850531,0.38594484329223633,True,,,False
2694,1.552734375,1.5107421875,1.53173828125,41.9921875,True,0.8481199740737915,0.3931550979614258,True,,,False
2695,1.5615234375,1.53125,1.54638671875,30.2734375,True,0.6114452222931274,0.38547563552856445,True,,,False
2696,1.53515625,1.53515625,1.53515625,0.0,True,0.0,0.38790059089660645,True,,,False
2697,1.52734375,1.5546875,1.541015625,-27.34375,True,0.5522937068940393,0.39092373847961426,True,,,False
2698,1.515625,1.5478515625,1.53173828125,-32.2265625,True,0.6508673264134347,0.3865194320678711,True,,,False
2699,1.5546875,1.5234375,1.5390625,31.25,True,0.6311798263655981,0.3840465545654297,True,,,False
2700,1.5458984375,1.5029296875,1.5244140625,42.96875,True,0.867809323961358,0.38350558280944824,True,,,False
2701,1.59375,1.5634765625,1.57861328125,30.2734375,True,0.6114620806200147,0.6009442806243896,True,,,False
2702,1.5419921875,1.51171875,1.52685546875,30.2734375,True,0.6114514142723778,0.387448787689209,True,,,False
2703,1.548828125,1.53125,1.5400390625,17.578125,True,0.3550242138016257,0.384737491607666,True,,,False
2704,1.5419921875,1.5498046875,1.5458984375,-7.8125,True,0.15780063275889525,0.3910989761352539,True,,,False
2705,1.53125,1.5498046875,1.54052734375,-18.5546875,True,0.3747814082178773,0.38468337059020996,True,,,False
2706,1.6806640625,1.6064453125,1.6435546875,74.21875,True,1.4989732144482601,0.38474249839782715,True,,,False
2707,1.578125,1.548828125,1.5634765625,29.296875,True,0.5917230451182818,0.3967721462249756,True,,,False
2708,1.5751953125,1.6142578125,1.5947265625,-39.0625,True,0.7889771756485232,0.3853874206542969,True,,,False
2709,1.568359375,1.5537109375,1.56103515625,14.6484375,True,0.29585162000126436,0.3833644390106201,True,,,False
2710,1.568359375,1.5751953125,1.57177734375,-6.8359375,True,0.13806986937530163,0.3844590187072754,True,,,False
2711,1.61328125,1.58203125,1.59765625,31.25,True,0.6311614740600455,0.3853917121887207,True,,,False
2712,1.578125,1.5693359375,1.57373046875,8.7890625,True,0.1775146399499894,0.3864738941192627,True,,,False
2713,1.537109375,1.533203125,1.53515625,3.90625,True,0.07889655466860941,0.3864586353302002,True,,,False
2714,1.5341796875,1.5458984375,1.5400390625,-11.71875,True,0.23669695441618133,0.3986821174621582,True,,,False
2715,1.55078125,1.5185546875,1.53466796875,32.2265625,True,0.6509026089185188,0.3872981071472168,True,,,False
2716,1.4931640625,1.484375,1.48876953125,8.7890625,True,0.1775195277009222,0.38342976570129395,True,,,False
2717,1.630859375,1.5595703125,1.59521484375,71.2890625,True,1.4398550812436075,0.3892953395843506,True,,,False
2718,1.64453125,1.5693359375,1.60693359375,75.1953125,True,1.5187996887269704,0.3882877826690674,True,,,False
2719,1.5625,1.5625,1.5625,0.0,True,0.0,0.3831496238708496,True,,,False
2720,1.5595703125,1.5390625,1.54931640625,20.5078125,True,0.414213274612992,0.3846395015716553,True,,,False
2721,1.54296875,1.5693359375,1.55615234375,-26.3671875,True,0.5325486377034162,0.39714741706848145,True,,,False
2722,1.55078125,1.5634765625,1.55712890625,-12.6953125,True,0.2563892532224203,0.3837547302246094,True,,,False
2723,1.6142578125,1.619140625,1.61669921875,-4.8828125,True,0.09862381234375135,0.3862576484680176,True,,,False
2724,1.576171875,1.5537109375,1.56494140625,22.4609375,True,0.45365351107564567,0.39182519912719727,True,,,False
2725,1.5654296875,1.572265625,1.56884765625,-6.8359375,True,0.1380664012272497,0.38487696647644043,True,,,False
2726,1.52734375,1.54296875,1.53515625,-15.625,True,0.3155812138927811,0.38721776008605957,True,,,False
2727,1.560546875,1.556640625,1.55859375,3.90625,True,0.07889791588308394,0.39046549797058105,True,,,False
2728,1.5478515625,1.5771484375,1.5625,-29.296875,True,0.5916711098358508,0.386383056640625,True,,,False
2729,1.615234375,1.580078125,1.59765625,35.15625,True,0.7100301105033909,0.38538575172424316,True,,,False
2730,1.5419921875,1.568359375,1.55517578125,-26.3671875,True,0.5325470894665625,0.3847012519836426,True,,,False
2731,1.5009765625,1.5390625,1.52001953125,-38.0859375,True,0.7692706150907094,0.4186429977416992,True,,,False
2732,1.54296875,1.5458984375,1.54443359375,-2.9296875,True,0.059171219603759914,0.46462178230285645,True,,,False
2733,1.5634765625,1.5517578125,1.5576171875,11.71875,True,0.23668135611508456,0.3928260803222656,True,,,False
2734,1.568359375,1.607421875,1.587890625,-39.0625,True,0.7889347729619066,0.391817569732666,True,,,False
2735,1.541015625,1.525390625,1.533203125,15.625,True,0.3155826572854878,0.3856086730957031,True,,,False
2736,1.5947265625,1.591796875,1.59326171875,2.9296875,True,0.059171599100557935,0.3855888843536377,True,,,False
2737,1.509765625,1.5791015625,1.54443359375,-69.3359375,True,1.4004196433867215,0.3893568515777588,True,,,False
2738,1.5185546875,1.556640625,1.53759765625,-38.0859375,True,0.769264293860167,0.3844025135040283,True,,,False
2739,1.5947265625,1.59375,1.59423828125,0.9765625,True,0.01972444790566125,0.38779497146606445,True,,,False
2740,1.6103515625,1.623046875,1.61669921875,-12.6953125,True,0.25641867656429995,0.3841066360473633,True,,,False
2741,1.5673828125,1.572265625,1.56982421875,-4.8828125,True,0.09861956932937987,0.40091967582702637,True,,,False
2742,1.53515625,1.5556640625,1.54541015625,-20.5078125,True,0.41420118904334335,0.3934516906738281,True,,,False
2743,1.6640625,1.6328125,1.6484375,31.25,True,0.6312139106824136,0.3854403495788574,True,,,False
2744,1.5947265625,1.5732421875,1.583984375,21.484375,True,0.4339474669355487,0.3963601589202881,True,,,False
2745,1.6005859375,1.5654296875,1.5830078125,35.15625,True,0.7100641221232663,0.38535451889038086,True,,,False
2746,1.572265625,1.5791015625,1.57568359375,-6.8359375,True,0.13806697750735705,0.3835437297821045,True,,,False
2747,1.51953125,1.5361328125,1.52783203125,-16.6015625,True,0.33531352248507235,0.3897089958190918,True,,,False
2748,1.5908203125,1.5888671875,1.58984375,1.953125,True,0.03944954952956073,0.38550424575805664,True,,,False
2749,1.576171875,1.564453125,1.5703125,11.71875,True,0.23668781582809245,0.386444091796875,True,,,False
2750,1.6015625,1.5830078125,1.59228515625,18.5546875,True,0.3747587589233284,0.3835322856903076,True,,,False
2751,1.5048828125,1.5224609375,1.513671875,-17.578125,True,0.35503002335062633,0.38967061042785645,True,,,False
2752,1.587890625,1.5849609375,1.58642578125,2.9296875,True,0.059174974784368464,0.3860158920288086,True,,,False
2753,1.4775390625,1.521484375,1.49951171875,-43.9453125,True,0.8876084218056032,0.3840022087097168,True,,,False
2754,1.5654296875,1.572265625,1.56884765625,-6.8359375,True,0.1380667433647809,0.39663243293762207,True,,,False
2755,1.595703125,1.5751953125,1.58544921875,20.5078125,True,0.41421062816149035,0.38431811332702637,True,,,False
2756,1.59375,1.5791015625,1.58642578125,14.6484375,True,0.29585149722407683,0.3828582763671875,True,,,False
2757,1.591796875,1.6201171875,1.60595703125,-28.3203125,True,0.5719993666666346,0.397357702255249,True,,,False
2758,1.607421875,1.62109375,1.6142578125,-13.671875,True,0.276132026175972,0.3869962692260742,True,,,False
2759,1.5517578125,1.4931640625,1.5224609375,58.59375,True,1.183479836333703,0.3849468231201172,True,,,False
2760,1.5498046875,1.5751953125,1.5625,-25.390625,True,0.5128012638123078,0.3852560520172119,True,,,False
2761,1.509765625,1.537109375,1.5234375,-27.34375,True,0.5522537604226466,0.3993411064147949,True,,,False
2762,1.5146484375,1.548828125,1.53173828125,-34.1796875,True,0.6903407458347263,0.3834831714630127,True,,,False
2763,1.548828125,1.5400390625,1.54443359375,8.7890625,True,0.1775220725116107,0.3837602138519287,True,,,False
2764,1.5712890625,1.5634765625,1.5673828125,7.8125,True,0.15779354167307882,0.39316797256469727,True,,,False
2765,1.5693359375,1.5888671875,1.5791015625,-19.53125,True,0.39443854605006534,0.3924405574798584,True,,,False
2766,1.642578125,1.62109375,1.6318359375,21.484375,True,0.43393747672205274,0.38612794876098633,True,,,False
2767,1.5712890625,1.5693359375,1.5703125,1.953125,True,0.03944501192112784,0.3908073902130127,True,,,False
2768,1.4970703125,1.5009765625,1.4990234375,-3.90625,True,0.07889748525402544,0.40057969093322754,True,,,False
2769,1.4658203125,1.501953125,1.48388671875,-36.1328125,True,0.7297909011892906,0.3842191696166992,True,,,False
2770,1.5673828125,1.548828125,1.55810546875,18.5546875,True,0.3747356404871949,0.385662317276001,True,,,False
2771,1.5087890625,1.537109375,1.52294921875,-28.3203125,True,0.5719886387337489,0.39254307746887207,True,,,False
2772,1.56640625,1.5498046875,1.55810546875,16.6015625,True,0.33529456258479096,0.38669300079345703,True,,,False
2773,1.6318359375,1.533203125,1.58251953125,98.6328125,True,1.9920286325994037,0.3847177028656006,True,,,False
2774,1.6396484375,1.615234375,1.62744140625,24.4140625,True,0.4931015398298865,0.39093017578125,True,,,False
2775,1.552734375,1.5419921875,1.54736328125,10.7421875,True,0.21696260176817353,0.3846750259399414,True,,,False
2776,1.474609375,1.455078125,1.46484375,19.53125,True,0.39450543354378886,0.39018774032592773,True,,,False
2777,1.5615234375,1.5849609375,1.5732421875,-23.4375,True,0.47338975200639927,0.38526034355163574,True,,,False
2778,1.5791015625,1.52734375,1.55322265625,51.7578125,True,1.0453900279930606,0.3937535285949707,True,,,False
2779,1.5400390625,1.556640625,1.54833984375,-16.6015625,True,0.33531178419924657,0.3849222660064697,True,,,False
2780,1.509765625,1.548828125,1.529296875,-39.0625,True,0.7889439874401658,0.38541197776794434,True,,,False
2781,1.541015625,1.5126953125,1.52685546875,28.3203125,True,0.5719895085066488,0.38927602767944336,True,,,False
2782,1.53125,1.5078125,1.51953125,23.4375,True,0.4734213509904656,0.3885681629180908,True,,,False
2783,1.5625,1.521484375,1.5419921875,41.015625,True,0.8284229094518353,0.36847448348999023,True,,,False
2784,1.5751953125,1.556640625,1.56591796875,18.5546875,True,0.37476806826752324,0.3856956958770752,True,,,False
2785,1.5859375,1.603515625,1.5947265625,-17.578125,True,0.35503122416630445,0.39696311950683594,True,,,False
2786,1.609375,1.58203125,1.595703125,27.34375,True,0.5522310994983333,0.38549065589904785,True,,,False
2787,1.5419921875,1.546875,1.54443359375,-4.8828125,True,0.09862185174262884,0.38321542739868164,True,,,False
2788,1.5830078125,1.5986328125,1.5908203125,-15.625,True,0.31560871214096714,0.4010579586029053,True,,,False
2789,1.5732421875,1.556640625,1.56494140625,16.6015625,True,0.3353152096208135,0.3832356929779053,True,,,False
2790,1.53515625,1.5283203125,1.53173828125,6.8359375,True,0.13807091353326018,0.384197473526001,True,,,False
2791,1.5478515625,1.5712890625,1.5595703125,-23.4375,True,0.47334456575074824,0.3888061046600342,True,,,False
2792,1.5556640625,1.56640625,1.56103515625,-10.7421875,True,0.2169685995544259,0.3973085880279541,True,,,False
2793,1.55078125,1.5537109375,1.55224609375,-2.9296875,True,0.05917099357092426,0.3846249580383301,True,,,False
2794,1.6650390625,1.63671875,1.65087890625,28.3203125,True,0.5719679329770515,0.3853871822357178,True,,,False
2795,1.501953125,1.4765625,1.4892578125,25.390625,True,0.5128348068527236,0.3980884552001953,True,,,False
2796,1.53125,1.5234375,1.52734375,7.8125,True,0.1577901575956098,0.3841235637664795,True,,,False
2797,1.5771484375,1.5478515625,1.5625,29.296875,True,0.5917145831846723,0.3895590305328369,True,,,False
2798,1.5283203125,1.5400390625,1.5341796875,-11.71875,True,0.2366926952801231,0.3894307613372803,True,,,False
2799,1.5849609375,1.5888671875,1.5869140625,-3.90625,True,0.07890136071350175,0.3916184902191162,True,,,False
2800,1.572265625,1.5771484375,1.57470703125,-4.8828125,True,0.09862277838986251,0.38555431365966797,True,,,False
2801,1.525390625,1.5498046875,1.53759765625,-24.4140625,True,0.49311215954372106,0.6693735122680664,True,,,False
2802,1.572265625,1.5703125,1.5712890625,1.953125,True,0.03944760227078205,0.38706111907958984,True,,,False
2803,1.5205078125,1.572265625,1.54638671875,-51.7578125,True,1.0453824386626893,0.3837890625,True,,,False
2804,1.5625,1.544921875,1.5537109375,17.578125,True,0.35504779533486885,0.3904097080230713,True,,,False
2805,1.56640625,1.5703125,1.568359375,-3.90625,True,0.07889773577856833,0.38538551330566406,True,,,False
2806,1.580078125,1.5517578125,1.56591796875,28.3203125,True,0.571958813293611,0.38999152183532715,True,,,False
2807,1.61328125,1.603515625,1.6083984375,9.765625,True,0.1972419723577031,0.3871767520904541,True,,,False
2808,1.5439453125,1.58984375,1.56689453125,-45.8984375,True,0.9270312220676318,0.3957052230834961,True,,,False
2809,1.5673828125,1.6611328125,1.6142578125,-93.75,True,1.8934836058595457,0.38357996940612793,True,,,False
2810,1.5712890625,1.5751953125,1.5732421875,-3.90625,True,0.07889602297659559,0.38703441619873047,True,,,False
2811,1.5458984375,1.6181640625,1.58203125,-72.265625,True,1.4595661976321501,0.39954566955566406,True,,,False
2812,1.55859375,1.5244140625,1.54150390625,34.1796875,True,0.6903387322496891,0.38888072967529297,True,,,False
2813,1.5498046875,1.4951171875,1.5224609375,54.6875,True,1.1045249942459943,0.3912205696105957,True,,,False
2814,1.6640625,1.6650390625,1.66455078125,-0.9765625,True,0.019725372989502787,0.39681553840637207,True,,,False
2815,1.5830078125,1.59375,1.58837890625,-10.7421875,True,0.21697155002474655,0.38570547103881836,True,,,False
2816,1.5244140625,1.5595703125,1.5419921875,-35.15625,True,0.7100744304726899,0.38635993003845215,True,,,False
2817,1.5654296875,1.6279296875,1.5966796875,-62.5,True,1.2622986991371228,0.3854210376739502,True,,,False
2818,1.61328125,1.525390625,1.5693359375,87.890625,True,1.775237851928942,0.48375439643859863,True,,,False
2819,1.544921875,1.5458984375,1.54541015625,-0.9765625,True,0.01972412016892475,0.3947937488555908,True,,,False
2820,1.5634765625,1.56640625,1.56494140625,-2.9296875,True,0.05917342473849128,0.3854336738586426,True,,,False
2821,1.578125,1.6396484375,1.60888671875,-61.5234375,True,1.242627818081553,0.3956482410430908,True,,,False
2822,1.537109375,1.5341796875,1.53564453125,2.9296875,True,0.05917123997555119,0.3845951557159424,True,,,False
2823,1.5419921875,1.572265625,1.55712890625,-30.2734375,True,0.6114482500245353,0.3855745792388916,True,,,False
2824,1.52734375,1.5283203125,1.52783203125,-0.9765625,True,0.01972545190080886,0.39937782287597656,True,,,False
2825,1.576171875,1.552734375,1.564453125,23.4375,True,0.4733876202176619,0.38568639755249023,True,,,False
2826,1.5390625,1.5087890625,1.52392578125,30.2734375,True,0.6114389200738489,0.3825225830078125,True,,,False
2827,1.4990234375,1.4921875,1.49560546875,6.8359375,True,0.13806899674188888,0.4211127758026123,True,,,False
2828,1.595703125,1.619140625,1.607421875,-23.4375,True,0.4733978080724498,0.3910393714904785,True,,,False
2829,1.5107421875,1.5205078125,1.515625,-9.765625,True,0.1972425120062102,0.3852849006652832,True,,,False
2830,1.515625,1.5224609375,1.51904296875,-6.8359375,True,0.13805771964224284,0.3849983215332031,True,,,False
2831,1.6337890625,1.587890625,1.61083984375,45.8984375,True,0.9270137188549166,0.39798402786254883,True,,,False
2832,1.5205078125,1.548828125,1.53466796875,-28.3203125,True,0.5719886263168673,0.39428281784057617,True,,,False
2833,1.6533203125,1.6416015625,1.6474609375,11.71875,True,0.23668952219098977,0.3937201499938965,True,,,False
2834,1.5625,1.6162109375,1.58935546875,-53.7109375,True,1.0848771895671494,0.39665746688842773,True,,,False
2835,1.6591796875,1.62109375,1.64013671875,38.0859375,True,0.7692088438724127,0.3841984272003174,True,,,False
2836,1.5546875,1.55859375,1.556640625,-3.90625,True,0.07889698794403582,0.3832850456237793,True,,,False
2837,1.5224609375,1.54296875,1.53271484375,-20.5078125,True,0.41422925661460896,0.3890383243560791,True,,,False
2838,1.5263671875,1.50390625,1.51513671875,22.4609375,True,0.45365520817173954,0.392193078994751,True,,,False
2839,1.525390625,1.509765625,1.517578125,15.625,True,0.3155905694997812,0.38509249687194824,True,,,False
2840,1.525390625,1.5439453125,1.53466796875,-18.5546875,True,0.37476100718640254,0.38570189476013184,True,,,False
2841,1.5751953125,1.578125,1.57666015625,-2.9296875,True,0.05917225408962985,0.38961005210876465,True,,,False
2842,1.607421875,1.626953125,1.6171875,-19.53125,True,0.39446134136957,0.3926401138305664,True,,,False
2843,1.55078125,1.5625,1.556640625,-11.71875,True,0.2366850572508027,0.3840477466583252,True,,,False
2844,1.5390625,1.552734375,1.5458984375,-13.671875,True,0.2761294526728545,0.38399410247802734,True,,,False
2845,1.6005859375,1.5927734375,1.5966796875,7.8125,True,0.1577931123496411,0.39737462997436523,True,,,False
2846,1.552734375,1.58984375,1.5712890625,-37.109375,True,0.7495662051954725,0.3848862648010254,True,,,False
2847,1.5205078125,1.5361328125,1.5283203125,-15.625,True,0.31560347445363046,0.3911910057067871,True,,,False
2848,1.58984375,1.5732421875,1.58154296875,16.6015625,True,0.33531778159092973,0.39752197265625,True,,,False
2849,1.61328125,1.595703125,1.6044921875,17.578125,True,0.3550242977549153,0.38457822799682617,True,,,False
2850,1.576171875,1.5712890625,1.57373046875,4.8828125,True,0.09862786201666801,0.3844568729400635,True,,,False
2851,1.546875,1.556640625,1.5517578125,-9.765625,True,0.19724642219037508,0.39308857917785645,True,,,False
2852,1.5966796875,1.58203125,1.58935546875,14.6484375,True,0.2958620994912812,0.3914656639099121,True,,,False
2853,1.5458984375,1.5615234375,1.5537109375,-15.625,True,0.3155792352281698,0.38616466522216797,True,,,False
2854,1.5712890625,1.5498046875,1.560546875,21.484375,True,0.4339169499199151,0.38543200492858887,True,,,False
2855,1.5615234375,1.572265625,1.56689453125,-10.7421875,True,0.2169452514822866,0.3989694118499756,True,,,False
2856,1.509765625,1.5498046875,1.52978515625,-40.0390625,True,0.8086673428352409,0.38518333435058594,True,,,False
2857,1.5966796875,1.58203125,1.58935546875,14.6484375,True,0.2958747203978332,0.3870506286621094,True,,,False
2858,1.5234375,1.54296875,1.533203125,-19.53125,True,0.39449233234650527,0.38420891761779785,True,,,False
2859,1.60546875,1.625,1.615234375,-19.53125,True,0.39445166131632536,0.39074110984802246,True,,,False
2860,1.5947265625,1.5791015625,1.5869140625,15.625,True,0.3155937118887051,0.3891780376434326,True,,,False
2861,1.595703125,1.5927734375,1.59423828125,2.9296875,True,0.05917105486431729,0.38468027114868164,True,,,False
2862,1.5947265625,1.5419921875,1.568359375,52.734375,True,1.0651337438132864,0.3901405334472656,True,,,False
2863,1.546875,1.548828125,1.5478515625,-1.953125,True,0.03944871136769777,0.3852853775024414,True,,,False
2864,1.578125,1.58984375,1.583984375,-11.71875,True,0.2366926346496184,0.383594274520874,True,,,False
2865,1.58203125,1.5419921875,1.56201171875,40.0390625,True,0.8087158082426683,0.39559078216552734,True,,,False
2866,1.564453125,1.572265625,1.568359375,-7.8125,True,0.15779768793250631,0.387160062789917,True,,,False
2867,1.634765625,1.591796875,1.61328125,42.96875,True,0.8678741334342586,0.3853750228881836,True,,,False
2868,1.5615234375,1.5830078125,1.572265625,-21.484375,True,0.4339431219647376,0.3851609230041504,True,,,False
2869,1.5751953125,1.5634765625,1.5693359375,11.71875,True,0.23668454797713095,0.39148831367492676,True,,,False
2870,1.5458984375,1.560546875,1.55322265625,-14.6484375,True,0.2958557973764038,0.3849034309387207,True,,,False
2871,1.490234375,1.5126953125,1.50146484375,-22.4609375,True,0.4536720106226142,0.3848867416381836,True,,,False
2872,1.5390625,1.5205078125,1.52978515625,18.5546875,True,0.3747346717603317,0.3898780345916748,True,,,False
2873,1.541015625,1.5712890625,1.55615234375,-30.2734375,True,0.6115091081043296,0.3848419189453125,True,,,False
2874,1.5625,1.57421875,1.568359375,-11.71875,True,0.23669363171665403,0.38303637504577637,True,,,False
2875,1.544921875,1.5439453125,1.54443359375,0.9765625,True,0.019724513550538458,0.3910348415374756,True,,,False
2876,1.5498046875,1.5263671875,1.5380859375,23.4375,True,0.473405546705501,0.3873410224914551,True,,,False
2877,1.53515625,1.5419921875,1.53857421875,-6.8359375,True,0.13807781645295283,0.38532066345214844,True,,,False
2878,1.5595703125,1.5263671875,1.54296875,33.203125,True,0.6706032159562196,0.3845701217651367,True,,,False
2879,1.5537109375,1.568359375,1.56103515625,-14.6484375,True,0.2958519809307063,0.3908388614654541,True,,,False
2880,1.5625,1.5634765625,1.56298828125,-0.9765625,True,0.01972515414316206,0.3858640193939209,True,,,False
2881,1.5400390625,1.498046875,1.51904296875,41.9921875,True,0.8481437252565365,0.38591694831848145,True,,,False
2882,1.572265625,1.5244140625,1.54833984375,47.8515625,True,0.9664610695151369,0.39293336868286133,True,,,False
2883,1.5283203125,1.5556640625,1.5419921875,-27.34375,True,0.5522700101859116,0.38576745986938477,True,,,False
2884,1.560546875,1.5546875,1.5576171875,5.859375,True,0.11834774238349301,0.38685131072998047,True,,,False
2885,1.556640625,1.5439453125,1.55029296875,12.6953125,True,0.2564165915337896,0.39090776443481445,True,,,False
2886,1.5634765625,1.55078125,1.55712890625,12.6953125,True,0.2564093515948117,0.38939738273620605,True,,,False
2887,1.5234375,1.5400390625,1.53173828125,-16.6015625,True,0.33531433821359824,0.3840146064758301,True,,,False
2888,1.59375,1.5908203125,1.59228515625,2.9296875,True,0.05917318110656956,0.3866596221923828,True,,,False
2889,1.517578125,1.5390625,1.5283203125,-21.484375,True,0.4339301068238455,0.39713597297668457,True,,,False
2890,1.6015625,1.65625,1.62890625,-54.6875,True,1.10451632969222,0.38521337509155273,True,,,False
2891,1.5107421875,1.5185546875,1.5146484375,-7.8125,True,0.1577848447811782,0.38355064392089844,True,,,False
2892,1.5322265625,1.4638671875,1.498046875,68.359375,True,1.380726429230649,0.38649535179138184,True,,,False
2893,1.548828125,1.5546875,1.5517578125,-5.859375,True,0.11834450079583288,0.3916611671447754,True,,,False
2894,1.5146484375,1.517578125,1.51611328125,-2.9296875,True,0.059172624306948966,0.38597989082336426,True,,,False
2895,1.52734375,1.4609375,1.494140625,66.40625,True,1.3412405724089493,0.3886733055114746,True,,,False
2896,1.673828125,1.6513671875,1.66259765625,22.4609375,True,0.45366302465777125,0.3912050724029541,True,,,False
2897,1.5869140625,1.626953125,1.60693359375,-40.0390625,True,0.8086872328755618,0.3864481449127197,True,,,False
2898,1.5732421875,1.634765625,1.60400390625,-61.5234375,True,1.2426009641561488,0.3873865604400635,True,,,False
2899,1.546875,1.552734375,1.5498046875,-5.859375,True,0.11834755938457468,0.3929915428161621,True,,,False
2900,1.564453125,1.5966796875,1.58056640625,-32.2265625,True,0.6509236920710204,0.38466668128967285,True,,,False
2901,1.576171875,1.556640625,1.56640625,19.53125,True,0.39448348540422506,0.546180248260498,True,,,False
2902,1.560546875,1.5517578125,1.55615234375,8.7890625,True,0.17751859383566979,0.3991520404815674,True,,,False
2903,1.53515625,1.525390625,1.5302734375,9.765625,True,0.1972335596056449,0.38594937324523926,True,,,False
2904,1.3740234375,1.318359375,1.34619140625,55.6640625,True,1.1242957705057566,0.36925411224365234,True,,,False
2905,1.5791015625,1.5859375,1.58251953125,-6.8359375,True,0.13806914304707982,0.3845400810241699,True,,,False
2906,1.5390625,1.5439453125,1.54150390625,-4.8828125,True,0.09861891100591097,0.39108800888061523,True,,,False
2907,1.5703125,1.5830078125,1.57666015625,-12.6953125,True,0.25640886795889195,0.3835456371307373,True,,,False
2908,1.6396484375,1.634765625,1.63720703125,4.8828125,True,0.09862036216215064,0.385542631149292,True,,,False
2909,1.5703125,1.609375,1.58984375,-39.0625,True,0.7889752122226978,0.3914973735809326,True,,,False
2910,1.53515625,1.5556640625,1.54541015625,-20.5078125,True,0.4142117495431531,0.49345946311950684,True,,,False
2911,1.5126953125,1.5419921875,1.52734375,-29.296875,True,0.5917023469313649,0.3834702968597412,True,,,False
2912,1.541015625,1.5283203125,1.53466796875,12.6953125,True,0.25642309536563385,0.38997626304626465,True,,,False
2913,1.5732421875,1.654296875,1.61376953125,-81.0546875,True,1.637025732542514,0.3925790786743164,True,,,False
2914,1.5439453125,1.5673828125,1.5556640625,-23.4375,True,0.4733793008834951,0.3832235336303711,True,,,False
2915,1.55078125,1.4931640625,1.52197265625,57.6171875,True,1.1637628384311434,0.39193248748779297,True,,,False
2916,1.51171875,1.5224609375,1.51708984375,-10.7421875,True,0.2169811797151397,0.39134836196899414,True,,,False
2917,1.572265625,1.57421875,1.5732421875,-1.953125,True,0.03944693553621526,0.38669371604919434,True,,,False
2918,1.5537109375,1.5595703125,1.556640625,-5.859375,True,0.11834620932229177,0.3850526809692383,True,,,False
2919,1.5859375,1.580078125,1.5830078125,5.859375,True,0.1183432516346182,0.39014410972595215,True,,,False
2920,1.5771484375,1.5546875,1.56591796875,22.4609375,True,0.45362513877079846,0.38754916191101074,True,,,False
2921,1.5498046875,1.5810546875,1.5654296875,-31.25,True,0.6311678321504873,0.38956570625305176,True,,,False
2922,1.541015625,1.50390625,1.5224609375,37.109375,True,0.7495073922042663,0.4015533924102783,True,,,False
2923,1.625,1.58203125,1.603515625,42.96875,True,0.8678124015666643,0.38466525077819824,True,,,False
2924,1.5791015625,1.5751953125,1.5771484375,3.90625,True,0.07889942841326135,0.3865654468536377,True,,,False
2925,1.6171875,1.6328125,1.625,-15.625,True,0.3155700341688345,0.38558244705200195,True,,,False
2926,1.5419921875,1.58203125,1.56201171875,-40.0390625,True,0.8086617276954994,0.3929588794708252,True,,,False
2927,1.5126953125,1.517578125,1.51513671875,-4.8828125,True,0.09861738279082603,0.38566040992736816,True,,,False
2928,1.517578125,1.5380859375,1.52783203125,-20.5078125,True,0.41419366474025593,0.38692378997802734,True,,,False
2929,1.5068359375,1.4208984375,1.4638671875,85.9375,True,1.7357344381177324,0.3940606117248535,True,,,False
2930,1.5478515625,1.5146484375,1.53125,33.203125,True,0.6706196886160852,0.38510727882385254,True,,,False
2931,1.5625,1.572265625,1.5673828125,-9.765625,True,0.1972360172909856,0.38626909255981445,True,,,False
2932,1.5732421875,1.5888671875,1.5810546875,-15.625,True,0.31557510057686755,0.38796043395996094,True,,,False
2933,1.5322265625,1.533203125,1.53271484375,-0.9765625,True,0.019723955973852726,0.39395952224731445,True,,,False
2934,1.505859375,1.4833984375,1.49462890625,22.4609375,True,0.45362247845529124,0.3891870975494385,True,,,False
2935,1.6484375,1.625,1.63671875,23.4375,True,0.47339777575516145,0.3870100975036621,True,,,False
2936,1.50390625,1.529296875,1.5166015625,-25.390625,True,0.512822651966727,0.39806032180786133,True,,,False
2937,1.5166015625,1.462890625,1.48974609375,53.7109375,True,1.0848515261601162,0.3865070343017578,True,,,False
2938,1.5537109375,1.533203125,1.54345703125,20.5078125,True,0.4142090574127923,0.38596391677856445,True,,,False
2939,1.5859375,1.5302734375,1.55810546875,55.6640625,True,1.1242761236952137,0.3923659324645996,True,,,False
2940,1.5322265625,1.552734375,1.54248046875,-20.5078125,True,0.4141971563773932,0.39096903800964355,True,,,False
2941,1.6494140625,1.6845703125,1.6669921875,-35.15625,True,0.7100838163030383,0.38521528244018555,True,,,False
2942,1.560546875,1.5439453125,1.55224609375,16.6015625,True,0.33531163077164144,0.3851907253265381,True,,,False
2943,1.4716796875,1.4541015625,1.462890625,17.578125,True,0.3550065173201625,0.38962221145629883,True,,,False
2944,1.5869140625,1.6015625,1.59423828125,-14.6484375,True,0.2958524076958088,0.38757848739624023,True,,,False
2945,1.53125,1.5029296875,1.51708984375,28.3203125,True,0.5719656640299522,0.3856215476989746,True,,,False
2946,1.5556640625,1.5224609375,1.5390625,33.203125,True,0.6706370152536024,0.3967149257659912,True,,,False
2947,1.5517578125,1.5478515625,1.5498046875,3.90625,True,0.0788947244109168,0.38582706451416016,True,,,False
2948,1.564453125,1.5439453125,1.55419921875,20.5078125,True,0.41422814754221166,0.3838341236114502,True,,,False
2949,1.625,1.6318359375,1.62841796875,-6.8359375,True,0.13807073520652988,0.3856182098388672,True,,,False
2950,1.591796875,1.5615234375,1.57666015625,30.2734375,True,0.6114158730578879,0.38587307929992676,True,,,False
2951,1.5458984375,1.537109375,1.54150390625,8.7890625,True,0.17751238430566316,0.3848128318786621,True,,,False
2952,1.5751953125,1.580078125,1.57763671875,-4.8828125,True,0.09862379796965492,0.3852081298828125,True,,,False
2953,1.48828125,1.4951171875,1.49169921875,-6.8359375,True,0.13806928280985925,0.3911254405975342,True,,,False
2954,1.5771484375,1.5888671875,1.5830078125,-11.71875,True,0.23667939622601597,0.3851337432861328,True,,,False
2955,1.47265625,1.4375,1.455078125,35.15625,True,0.7100596821448854,0.3854527473449707,True,,,False
2956,1.59765625,1.5732421875,1.58544921875,24.4140625,True,0.49311916972232467,0.3927018642425537,True,,,False
2957,1.5029296875,1.50390625,1.50341796875,-0.9765625,True,0.019725193966883412,0.38539743423461914,True,,,False
2958,1.6005859375,1.5947265625,1.59765625,5.859375,True,0.11834353795477885,0.3842301368713379,True,,,False
2959,1.5107421875,1.53125,1.52099609375,-20.5078125,True,0.4142065993899321,0.3918755054473877,True,,,False
2960,1.5546875,1.552734375,1.5537109375,1.953125,True,0.03944924875677014,0.3842127323150635,True,,,False
2961,1.5419921875,1.5712890625,1.556640625,-29.296875,True,0.5917061168552626,0.38610410690307617,True,,,False
2962,1.6044921875,1.6298828125,1.6171875,-25.390625,True,0.5128239282771319,0.3867812156677246,True,,,False
2963,1.619140625,1.568359375,1.59375,50.78125,True,1.0256282702203279,0.38919901847839355,True,,,False
2964,1.548828125,1.5869140625,1.56787109375,-38.0859375,True,0.7692002053148228,0.39150214195251465,True,,,False
2965,1.53515625,1.525390625,1.5302734375,9.765625,True,0.1972295073727028,0.38239574432373047,True,,,False
2966,1.5595703125,1.603515625,1.58154296875,-43.9453125,True,0.8875725521977164,0.3914914131164551,True,,,False
2967,1.513671875,1.5087890625,1.51123046875,4.8828125,True,0.0986199615068253,0.3840298652648926,True,,,False
2968,1.578125,1.5732421875,1.57568359375,4.8828125,True,0.09862035367180387,0.3848683834075928,True,,,False
2969,1.552734375,1.5615234375,1.55712890625,-8.7890625,True,0.17750784306025116,0.38837742805480957,True,,,False
2970,1.59765625,1.5947265625,1.59619140625,2.9296875,True,0.05917372132009298,0.3905172348022461,True,,,False
2971,1.5400390625,1.599609375,1.56982421875,-59.5703125,True,1.2031917101350726,0.38127923011779785,True,,,False
2972,1.615234375,1.6181640625,1.61669921875,-2.9296875,True,0.05917202248453708,0.38507771492004395,True,,,False
2973,1.525390625,1.5224609375,1.52392578125,2.9296875,True,0.059167703254023964,0.39182114601135254,True,,,False
2974,1.576171875,1.59765625,1.5869140625,-21.484375,True,0.4339129677209747,0.3852353096008301,True,,,False
2975,1.6123046875,1.5615234375,1.5869140625,50.78125,True,1.0256409383227834,0.38808655738830566,True,,,False
2976,1.5947265625,1.6298828125,1.6123046875,-35.15625,True,0.7100850530889232,0.3924572467803955,True,,,False
2977,1.4990234375,1.544921875,1.52197265625,-45.8984375,True,0.9270458298987592,0.39029622077941895,True,,,False
2978,1.6005859375,1.6484375,1.62451171875,-47.8515625,True,0.9665273100675612,0.38729238510131836,True,,,False
2979,1.599609375,1.62890625,1.6142578125,-29.296875,True,0.5917448212725164,0.38590383529663086,True,,,False
2980,1.552734375,1.548828125,1.55078125,3.90625,True,0.07889160890710593,0.39753007888793945,True,,,False
2981,1.533203125,1.5263671875,1.52978515625,6.8359375,True,0.13807264126626925,0.39003896713256836,True,,,False
2982,1.5146484375,1.53515625,1.52490234375,-20.5078125,True,0.4141934107133088,0.3861243724822998,True,,,False
2983,1.5703125,1.57421875,1.572265625,-3.90625,True,0.07889580515246772,0.3941786289215088,True,,,False
2984,1.6640625,1.6142578125,1.63916015625,49.8046875,True,1.0059031977464912,0.3857135772705078,True,,,False
2985,1.5703125,1.5654296875,1.56787109375,4.8828125,True,0.09862309012829595,0.38477063179016113,True,,,False
2986,1.5703125,1.59375,1.58203125,-23.4375,True,0.47336945984565526,0.38625288009643555,True,,,False
2987,1.599609375,1.5595703125,1.57958984375,40.0390625,True,0.8086905536912228,0.39362215995788574,True,,,False
2988,1.5654296875,1.5361328125,1.55078125,29.296875,True,0.5916859403535804,0.38541460037231445,True,,,False
2989,1.57421875,1.556640625,1.5654296875,17.578125,True,0.35503763369565067,0.38452672958374023,True,,,False
2990,1.54296875,1.5380859375,1.54052734375,4.8828125,True,0.09862032142614141,0.39075255393981934,True,,,False
2991,1.62890625,1.6025390625,1.61572265625,26.3671875,True,0.5325343383737788,0.38615965843200684,True,,,False
2992,1.6513671875,1.5673828125,1.609375,83.984375,True,1.6963541536355862,0.3896634578704834,True,,,False
2993,1.4970703125,1.552734375,1.52490234375,-55.6640625,True,1.124243475530648,0.3893547058105469,True,,,False
2994,1.5390625,1.583984375,1.5615234375,-44.921875,True,0.9073515735856215,0.3916664123535156,True,,,False
2995,1.5341796875,1.54296875,1.53857421875,-8.7890625,True,0.1775228722128341,0.38546299934387207,True,,,False
2996,1.5751953125,1.6455078125,1.6103515625,-70.3125,True,1.4201493386243358,0.3850538730621338,True,,,False
2997,1.6083984375,1.625,1.61669921875,-16.6015625,True,0.3353022545987605,0.3950686454772949,True,,,False
2998,1.5361328125,1.4755859375,1.505859375,60.546875,True,1.2228913544167446,0.3831515312194824,True,,,False
2999,1.6015625,1.626953125,1.6142578125,-25.390625,True,0.5128226051305063,0.3861417770385742,True,,,False
3000,1.59375,1.6689453125,1.63134765625,-75.1953125,True,1.5187146830187144,3.2120370864868164,True,1.5549070550351287,0.3665105386416862,False
3001,1.5546875,1.5712890625,1.56298828125,-16.6015625,True,0.3353286946017389,0.7353370189666748,True,,,False
3002,1.53515625,1.466796875,1.5009765625,68.359375,True,1.3806969963717663,0.40462350845336914,True,,,False
3003,1.58984375,1.640625,1.615234375,-50.78125,True,1.025659020945947,0.3850116729736328,True,,,False
3004,1.580078125,1.5615234375,1.57080078125,18.5546875,True,0.3747704769817911,0.3855130672454834,True,,,False
3005,1.5546875,1.517578125,1.5361328125,37.109375,True,0.7494874472986448,0.38591885566711426,True,,,False
3006,1.5302734375,1.5224609375,1.5263671875,7.8125,True,0.15779731144667422,0.3920571804046631,True,,,False
3007,1.5732421875,1.5830078125,1.578125,-9.765625,True,0.19724893821226452,0.38723134994506836,True,,,False
3008,1.6064453125,1.5966796875,1.6015625,9.765625,True,0.1972395040960096,0.3840329647064209,True,,,False
3009,1.5869140625,1.5947265625,1.5908203125,-7.8125,True,0.15778349700440053,0.39175963401794434,True,,,False
3010,1.6123046875,1.59765625,1.60498046875,14.6484375,True,0.2958592728759754,0.3855924606323242,True,,,False
3011,1.576171875,1.6181640625,1.59716796875,-41.9921875,True,0.8481215123293048,0.3872807025909424,True,,,False
3012,1.5634765625,1.55078125,1.55712890625,12.6953125,True,0.2564148435829661,0.3930678367614746,True,,,False
3013,1.5537109375,1.5458984375,1.5498046875,7.8125,True,0.15780650753882244,0.3905036449432373,True,,,False
3014,1.5908203125,1.576171875,1.58349609375,14.6484375,True,0.2958582706960875,0.3830604553222656,True,,,False
3015,1.5517578125,1.51953125,1.53564453125,32.2265625,True,0.6508861704322332,0.3853797912597656,True,,,False
3016,1.55078125,1.576171875,1.5634765625,-25.390625,True,0.5128174554286077,0.3979184627532959,True,,,False
3017,1.5234375,1.53515625,1.529296875,-11.71875,True,0.23669575154722333,0.38315296173095703,True,,,False
3018,1.5791015625,1.58984375,1.58447265625,-10.7421875,True,0.2169572256374013,0.384932279586792,True,,,False
3019,1.5361328125,1.53125,1.53369140625,4.8828125,True,0.09862142070664395,0.39401984214782715,True,,,False
3020,1.5390625,1.537109375,1.5380859375,1.953125,True,0.03944921145881258,0.38565707206726074,True,,,False
3021,1.4765625,1.4658203125,1.47119140625,10.7421875,True,0.2169632112951212,0.38419342041015625,True,,,False
3022,1.564453125,1.587890625,1.576171875,-23.4375,True,0.47339371264734714,0.38641905784606934,True,,,False
3023,1.51953125,1.5224609375,1.52099609375,-2.9296875,True,0.059173036002123265,0.3967316150665283,True,,,False
3024,1.564453125,1.5908203125,1.57763671875,-26.3671875,True,0.5325113846897379,0.3862760066986084,True,,,False
3025,1.4853515625,1.4619140625,1.4736328125,23.4375,True,0.4734021626100686,0.36925554275512695,True,,,False
3026,1.6240234375,1.5869140625,1.60546875,37.109375,True,0.7494987070910756,0.3919832706451416,True,,,False
3027,1.5751953125,1.591796875,1.58349609375,-16.6015625,True,0.3353037805137866,0.38601231575012207,True,,,False
3028,1.5654296875,1.5322265625,1.548828125,33.203125,True,0.670592795528449,0.3847484588623047,True,,,False
3029,1.5478515625,1.587890625,1.56787109375,-40.0390625,True,0.8086631977516394,0.3898634910583496,True,,,False
3030,1.6298828125,1.63671875,1.63330078125,-6.8359375,True,0.1380693583830697,0.3836629390716553,True,,,False
3031,1.5673828125,1.5546875,1.56103515625,12.6953125,True,0.25642248536144807,0.3961493968963623,True,,,False
3032,1.54296875,1.5234375,1.533203125,19.53125,True,0.39447561041959306,0.389934778213501,True,,,False
3033,1.66015625,1.6357421875,1.64794921875,24.4140625,True,0.49312642616762387,0.39377689361572266,True,,,False
3034,1.53515625,1.5302734375,1.53271484375,4.8828125,True,0.09862035079809363,0.38324832916259766,True,,,False
3035,1.4794921875,1.4794921875,1.4794921875,0.0,True,0.0,0.3820638656616211,True,,,False
3036,1.59375,1.6328125,1.61328125,-39.0625,True,0.7889871857530969,0.38692283630371094,True,,,False
3037,1.5712890625,1.59765625,1.58447265625,-26.3671875,True,0.5325275293279654,0.38634634017944336,True,,,False
3038,1.4970703125,1.5263671875,1.51171875,-29.296875,True,0.5917528880455128,0.382415771484375,True,,,False
3039,1.546875,1.595703125,1.5712890625,-48.828125,True,0.9862552674168347,0.3930974006652832,True,,,False
3040,1.55078125,1.5390625,1.544921875,11.71875,True,0.23667825066906997,0.3844888210296631,True,,,False
3041,1.5986328125,1.576171875,1.58740234375,22.4609375,True,0.4536720775279628,0.38538670539855957,True,,,False
3042,1.5166015625,1.4853515625,1.5009765625,31.25,True,0.631176026955575,0.38338708877563477,True,,,False
3043,1.5302734375,1.552734375,1.54150390625,-22.4609375,True,0.45365650493081205,0.3912367820739746,True,,,False
3044,1.560546875,1.5166015625,1.53857421875,43.9453125,True,0.8875908501669392,0.3823537826538086,True,,,False
3045,1.5888671875,1.5390625,1.56396484375,49.8046875,True,1.0059288228291106,0.384751558303833,True,,,False
3046,1.5361328125,1.5517578125,1.5439453125,-15.625,True,0.3156031012596278,0.3913857936859131,True,,,False
3047,1.564453125,1.544921875,1.5546875,19.53125,True,0.39447746072013673,0.3822507858276367,True,,,False
3048,1.5615234375,1.552734375,1.55712890625,8.7890625,True,0.1775221759674127,0.38114261627197266,True,,,False
3049,1.576171875,1.572265625,1.57421875,3.90625,True,0.07889642156408955,0.385284423828125,True,,,False
3050,1.4345703125,1.4580078125,1.4462890625,-23.4375,True,0.4733940621418753,0.3932626247406006,True,,,False
3051,1.5517578125,1.580078125,1.56591796875,-28.3203125,True,0.5720040099166248,0.3883500099182129,True,,,False
3052,1.59765625,1.60546875,1.6015625,-7.8125,True,0.15780272628476288,0.381946325302124,True,,,False
3053,1.59375,1.5791015625,1.58642578125,14.6484375,True,0.2958732878959534,0.3850421905517578,True,,,False
3054,1.607421875,1.62890625,1.6181640625,-21.484375,True,0.43393617560124625,0.3908240795135498,True,,,False
3055,1.45703125,1.4921875,1.474609375,-35.15625,True,0.7100605831950229,0.3830273151397705,True,,,False
3056,1.609375,1.634765625,1.6220703125,-25.390625,True,0.5128081129557076,0.38631248474121094,True,,,False
3057,1.5224609375,1.58984375,1.55615234375,-67.3828125,True,1.3609613960998177,0.39083194732666016,True,,,False
3058,1.5390625,1.5751953125,1.55712890625,-36.1328125,True,0.7297756701659198,0.38345837593078613,True,,,False
3059,1.5703125,1.572265625,1.5712890625,-1.953125,True,0.03944769025202077,0.38701486587524414,True,,,False
3060,1.58984375,1.607421875,1.5986328125,-17.578125,True,0.3550352116419841,0.39304137229919434,True,,,False
3061,1.5712890625,1.5556640625,1.5634765625,15.625,True,0.3155891705456549,0.3839111328125,True,,,False
3062,1.53125,1.6171875,1.57421875,-85.9375,True,1.735692242185137,0.38408541679382324,True,,,False
3063,1.564453125,1.5654296875,1.56494140625,-0.9765625,True,0.019723550118772262,0.38265490531921387,True,,,False
3064,1.5361328125,1.5478515625,1.5419921875,-11.71875,True,0.2366960478925012,0.3910841941833496,True,,,False
3065,1.5498046875,1.53125,1.54052734375,18.5546875,True,0.3747692026477893,0.38775038719177246,True,,,False
3066,1.6435546875,1.62890625,1.63623046875,14.6484375,True,0.2958811337880208,0.3828446865081787,True,,,False
3067,1.55859375,1.5546875,1.556640625,3.90625,True,0.07889737543334745,0.38890600204467773,True,,,False
3068,1.53125,1.5283203125,1.52978515625,2.9296875,True,0.05917251885794918,0.38114190101623535,True,,,False
3069,1.48046875,1.5283203125,1.50439453125,-47.8515625,True,0.9665009460867073,0.38339734077453613,True,,,False
3070,1.52734375,1.5615234375,1.54443359375,-34.1796875,True,0.6903171882734056,0.39074063301086426,True,,,False
3071,1.5966796875,1.572265625,1.58447265625,24.4140625,True,0.49310653233540896,0.38549184799194336,True,,,False
3072,1.5908203125,1.59375,1.59228515625,-2.9296875,True,0.05917531144608891,0.3828704357147217,True,,,False
3073,1.6201171875,1.568359375,1.59423828125,51.7578125,True,1.0454009438527445,0.38419198989868164,True,,,False
3074,1.5654296875,1.583984375,1.57470703125,-18.5546875,True,0.3747647832303837,0.3927428722381592,True,,,False
3075,1.5712890625,1.59765625,1.58447265625,-26.3671875,True,0.5325637459830624,0.38188958168029785,True,,,False
3076,1.599609375,1.5751953125,1.58740234375,24.4140625,True,0.49309016482465995,0.3846449851989746,True,,,False
3077,1.5498046875,1.564453125,1.55712890625,-14.6484375,True,0.2958535942294125,0.3920273780822754,True,,,False
3078,1.572265625,1.6142578125,1.59326171875,-41.9921875,True,0.8482055022247654,0.3821702003479004,True,,,False
3079,1.572265625,1.5703125,1.5712890625,1.953125,True,0.039447949950584024,0.38410043716430664,True,,,False
3080,1.5478515625,1.54296875,1.54541015625,4.8828125,True,0.09862141482762515,0.3823115825653076,True,,,False
3081,1.568359375,1.5078125,1.5380859375,60.546875,True,1.2229140734351658,0.395965576171875,True,,,False
3082,1.548828125,1.5439453125,1.54638671875,4.8828125,True,0.09862305698659944,0.3870511054992676,True,,,False
3083,1.63671875,1.62109375,1.62890625,15.625,True,0.31558912661192207,0.383772611618042,True,,,False
3084,1.5546875,1.4951171875,1.52490234375,59.5703125,True,1.203104558167047,0.3873939514160156,True,,,False
3085,1.5537109375,1.5458984375,1.5498046875,7.8125,True,0.15778763588017328,0.38797926902770996,True,,,False
3086,1.490234375,1.5224609375,1.50634765625,-32.2265625,True,0.6508792635644511,0.38353657722473145,True,,,False
3087,1.54296875,1.517578125,1.5302734375,25.390625,True,0.5128616621688826,0.39856767654418945,True,,,False
3088,1.6162109375,1.6337890625,1.625,-17.578125,True,0.3550247194145307,0.3845944404602051,True,,,False
3089,1.5517578125,1.521484375,1.53662109375,30.2734375,True,0.6114211133841082,0.3828279972076416,True,,,False
3090,1.6015625,1.578125,1.58984375,23.4375,True,0.47337000217463193,0.3820950984954834,True,,,False
3091,1.587890625,1.58984375,1.5888671875,-1.953125,True,0.039446987580410625,0.39493536949157715,True,,,False
3092,1.5595703125,1.580078125,1.56982421875,-20.5078125,True,0.4142015423967406,0.3845803737640381,True,,,False
3093,1.55859375,1.603515625,1.5810546875,-44.921875,True,0.9072996817946289,0.38537025451660156,True,,,False
3094,1.52734375,1.556640625,1.5419921875,-29.296875,True,0.5917032800069759,0.3969767093658447,True,,,False
3095,1.5029296875,1.51171875,1.50732421875,-8.7890625,True,0.17751792926641674,0.38339781761169434,True,,,False
3096,1.587890625,1.5830078125,1.58544921875,4.8828125,True,0.09862442357473092,0.38254284858703613,True,,,False
3097,1.52734375,1.4853515625,1.50634765625,41.9921875,True,0.8482073235363348,0.38399457931518555,True,,,False
3098,1.56640625,1.552734375,1.5595703125,13.671875,True,0.2761261617569941,0.38726139068603516,True,,,False
3099,1.5498046875,1.5595703125,1.5546875,-9.765625,True,0.19724317172448919,0.3819584846496582,True,,,False
3100,1.580078125,1.513671875,1.546875,66.40625,True,1.341224038347562,0.3835310935974121,True,,,False
3101,1.509765625,1.505859375,1.5078125,3.90625,True,0.07889407880900105,0.5545907020568848,True,,,False
3102,1.5771484375,1.6015625,1.58935546875,-24.4140625,True,0.4931208344972534,0.3841874599456787,True,,,False
3103,1.5009765625,1.4970703125,1.4990234375,3.90625,True,0.07889515667673035,0.38350510597229004,True,,,False
3104,1.5556640625,1.5478515625,1.5517578125,7.8125,True,0.15779543731710877,0.398531436920166,True,,,False
3105,1.6279296875,1.6044921875,1.6162109375,23.4375,True,0.4734012037806465,0.3839905261993408,True,,,False
3106,1.6123046875,1.560546875,1.58642578125,51.7578125,True,1.0454085470821528,0.38324952125549316,True,,,False
3107,1.5263671875,1.587890625,1.55712890625,-61.5234375,True,1.2426532470351723,0.38897228240966797,True,,,False
3108,1.59375,1.59375,1.59375,0.0,True,0.0,0.38762474060058594,True,,,False
3109,1.5732421875,1.580078125,1.57666015625,-6.8359375,True,0.13806784422461457,0.38483405113220215,True,,,False
3110,1.6298828125,1.671875,1.65087890625,-41.9921875,True,0.8481377379834893,0.38312864303588867,True,,,False
3111,1.5888671875,1.58984375,1.58935546875,-0.9765625,True,0.01972352811985859,0.3996303081512451,True,,,False
3112,1.599609375,1.544921875,1.572265625,54.6875,True,1.104541545687447,0.38266539573669434,True,,,False
3113,1.5751953125,1.5751953125,1.5751953125,0.0,True,0.0,0.38651156425476074,True,,,False
3114,1.55078125,1.521484375,1.5361328125,29.296875,True,0.591709165280101,0.3997013568878174,True,,,False
3115,1.556640625,1.595703125,1.576171875,-39.0625,True,0.7889553864353753,0.38487815856933594,True,,,False
3116,1.6171875,1.5849609375,1.60107421875,32.2265625,True,0.6508962897189293,0.3819615840911865,True,,,False
3117,1.599609375,1.552734375,1.576171875,46.875,True,0.9466911044597117,0.3817136287689209,True,,,False
3118,1.58203125,1.568359375,1.5751953125,13.671875,True,0.27613802462399173,0.3950483798980713,True,,,False
3119,1.486328125,1.5146484375,1.50048828125,-28.3203125,True,0.5720200677800753,0.3836941719055176,True,,,False
3120,1.46484375,1.51171875,1.48828125,-46.875,True,0.9467823331596283,0.38421201705932617,True,,,False
3121,1.5771484375,1.5673828125,1.572265625,9.765625,True,0.19723304324110189,0.3951454162597656,True,,,False
3122,1.501953125,1.513671875,1.5078125,-11.71875,True,0.2366934458386267,0.38427042961120605,True,,,False
3123,1.5341796875,1.5107421875,1.5224609375,23.4375,True,0.4734072607639524,0.38246822357177734,True,,,False
3124,1.572265625,1.5458984375,1.55908203125,26.3671875,True,0.532552623986606,0.39092421531677246,True,,,False
3125,1.53125,1.53515625,1.533203125,-3.90625,True,0.07889669166916119,0.39223670959472656,True,,,False
3126,1.5322265625,1.4970703125,1.5146484375,35.15625,True,0.7100467086786271,0.3822643756866455,True,,,False
3127,1.4970703125,1.5302734375,1.513671875,-33.203125,True,0.6706189585225254,0.3821723461151123,True,,,False
3128,1.47265625,1.4599609375,1.46630859375,12.6953125,True,0.2564251943889246,0.3891298770904541,True,,,False
3129,1.4775390625,1.4765625,1.47705078125,0.9765625,True,0.01972439034861714,0.38283491134643555,True,,,False
3130,1.556640625,1.541015625,1.548828125,15.625,True,0.31559643088008765,0.3876018524169922,True,,,False
3131,1.591796875,1.6640625,1.6279296875,-72.265625,True,1.4595576502686922,0.38756465911865234,True,,,False
3132,1.568359375,1.5751953125,1.57177734375,-6.8359375,True,0.1380715288328776,0.383026123046875,True,,,False
3133,1.5380859375,1.544921875,1.54150390625,-6.8359375,True,0.13807847912247512,0.3882172107696533,True,,,False
3134,1.546875,1.5869140625,1.56689453125,-40.0390625,True,0.80867776143729,0.384662389755249,True,,,False
3135,1.5576171875,1.59375,1.57568359375,-36.1328125,True,0.7297661760253713,0.3872804641723633,True,,,False
3136,1.6103515625,1.587890625,1.59912109375,22.4609375,True,0.4536398289776618,0.383744478225708,True,,,False
3137,1.5927734375,1.5830078125,1.587890625,9.765625,True,0.19723528043879882,0.3819582462310791,True,,,False
3138,1.533203125,1.47265625,1.5029296875,60.546875,True,1.2228457054452004,0.3891932964324951,True,,,False
3139,1.498046875,1.4931640625,1.49560546875,4.8828125,True,0.09861989411306915,0.3822340965270996,True,,,False
3140,1.525390625,1.5302734375,1.52783203125,-4.8828125,True,0.09861912656635367,0.3826901912689209,True,,,False
3141,1.5234375,1.552734375,1.5380859375,-29.296875,True,0.5917450304660895,0.386263370513916,True,,,False
3142,1.48828125,1.572265625,1.5302734375,-83.984375,True,1.696262863976427,0.38938021659851074,True,,,False
3143,1.6435546875,1.6435546875,1.6435546875,0.0,True,0.0,0.3831305503845215,True,,,False
3144,1.5986328125,1.6103515625,1.6044921875,-11.71875,True,0.23668937080849348,0.38219118118286133,True,,,False
3145,1.58984375,1.541015625,1.5654296875,48.828125,True,0.9861693153682611,0.3982105255126953,True,,,False
3146,1.58203125,1.5888671875,1.58544921875,-6.8359375,True,0.13808107465607725,0.3676319122314453,True,,,False
3147,1.6376953125,1.6025390625,1.6201171875,35.15625,True,0.7100710555166362,0.38257551193237305,True,,,False
3148,1.576171875,1.61328125,1.5947265625,-37.109375,True,0.7495265093159458,0.3989408016204834,True,,,False
3149,1.515625,1.55859375,1.537109375,-42.96875,True,0.8678569623345829,0.38616299629211426,True,,,False
3150,1.544921875,1.5224609375,1.53369140625,22.4609375,True,0.45363573677624897,0.3847684860229492,True,,,False
3151,1.60546875,1.59765625,1.6015625,7.8125,True,0.15779693359654878,0.382169246673584,True,,,False
3152,1.6123046875,1.5517578125,1.58203125,60.546875,True,1.2228177378648988,0.38857364654541016,True,,,False
3153,1.5556640625,1.5595703125,1.5576171875,-3.90625,True,0.07889146678297787,0.3839712142944336,True,,,False
3154,1.5625,1.580078125,1.5712890625,-17.578125,True,0.3550229674623837,0.38542890548706055,True,,,False
3155,1.5859375,1.5537109375,1.56982421875,32.2265625,True,0.6509073666041577,0.40107274055480957,True,,,False
3156,1.5126953125,1.5234375,1.51806640625,-10.7421875,True,0.21697808620550724,0.3851480484008789,True,,,False
3157,1.5615234375,1.5458984375,1.5537109375,15.625,True,0.31557315707620404,0.38387060165405273,True,,,False
3158,1.560546875,1.6005859375,1.58056640625,-40.0390625,True,0.8086625425068529,0.3934905529022217,True,,,False
3159,1.576171875,1.556640625,1.56640625,19.53125,True,0.39448188476692314,0.3833138942718506,True,,,False
3160,1.5634765625,1.5390625,1.55126953125,24.4140625,True,0.49308130638179654,0.3845372200012207,True,,,False
3161,1.5263671875,1.576171875,1.55126953125,-49.8046875,True,1.0059152861364808,0.3830230236053467,True,,,False
3162,1.5009765625,1.5341796875,1.517578125,-33.203125,True,0.6705915256319018,0.504704475402832,True,,,False
3163,1.5625,1.544921875,1.5537109375,17.578125,True,0.3550334942159757,0.3842771053314209,True,,,False
3164,1.638671875,1.5859375,1.6123046875,52.734375,True,1.065132051748993,0.3918781280517578,True,,,False
3165,1.6328125,1.6123046875,1.62255859375,20.5078125,True,0.4142086915859082,0.3952631950378418,True,,,False
3166,1.5546875,1.580078125,1.5673828125,-25.390625,True,0.5128220598032304,0.3842756748199463,True,,,False
3167,1.5380859375,1.544921875,1.54150390625,-6.8359375,True,0.13807266365754248,0.38448524475097656,True,,,False
3168,1.5498046875,1.53125,1.54052734375,18.5546875,True,0.37477495226311963,0.39360547065734863,True,,,False
3169,1.529296875,1.546875,1.5380859375,-17.578125,True,0.35502655981826037,0.38292932510375977,True,,,False
3170,1.533203125,1.498046875,1.515625,35.15625,True,0.7100495781857018,0.385822057723999,True,,,False
3171,1.623046875,1.6494140625,1.63623046875,-26.3671875,True,0.5325509493675117,0.392627477645874,True,,,False
3172,1.6162109375,1.591796875,1.60400390625,24.4140625,True,0.4930676049359214,0.3906517028808594,True,,,False
3173,1.5244140625,1.556640625,1.54052734375,-32.2265625,True,0.6508907283136376,0.3816568851470947,True,,,False
3174,1.4775390625,1.529296875,1.50341796875,-51.7578125,True,1.0453773660825645,0.3838191032409668,True,,,False
3175,1.5537109375,1.572265625,1.56298828125,-18.5546875,True,0.37477497112690805,0.39896297454833984,True,,,False
3176,1.5361328125,1.5068359375,1.521484375,29.296875,True,0.5917274860116895,0.38568973541259766,True,,,False
3177,1.5927734375,1.6298828125,1.611328125,-37.109375,True,0.7494717683483665,0.384479284286499,True,,,False
3178,1.52734375,1.546875,1.537109375,-19.53125,True,0.3944735931648515,0.3864002227783203,True,,,False
3179,1.5947265625,1.6005859375,1.59765625,-5.859375,True,0.11834729084836093,0.3932840824127197,True,,,False
3180,1.5771484375,1.5625,1.56982421875,14.6484375,True,0.29585060385846035,0.3861870765686035,True,,,False
3181,1.5869140625,1.6064453125,1.5966796875,-19.53125,True,0.39447013263870395,0.3885934352874756,True,,,False
3182,1.6064453125,1.5107421875,1.55859375,95.703125,True,1.9328108180600474,0.4109230041503906,True,,,False
3183,1.6650390625,1.591796875,1.62841796875,73.2421875,True,1.4793222687611391,0.3957328796386719,True,,,False
3184,1.5419921875,1.580078125,1.56103515625,-38.0859375,True,0.7692505148282404,0.3930625915527344,True,,,False
3185,1.5361328125,1.5283203125,1.5322265625,7.8125,True,0.15779952776524203,0.3889195919036865,True,,,False
3186,1.62890625,1.6142578125,1.62158203125,14.6484375,True,0.2958694623564049,0.38235974311828613,True,,,False
3187,1.498046875,1.501953125,1.5,-3.90625,True,0.07889854728168985,0.3827855587005615,True,,,False
3188,1.515625,1.5869140625,1.55126953125,-71.2890625,True,1.439877549976138,0.39190196990966797,True,,,False
3189,1.482421875,1.5869140625,1.53466796875,-104.4921875,True,2.1105381256841804,0.39214038848876953,True,,,False
3190,1.59375,1.55859375,1.576171875,35.15625,True,0.7100748645598493,0.38370847702026367,True,,,False
3191,1.52734375,1.5126953125,1.52001953125,14.6484375,True,0.29586166527397384,0.3825557231903076,True,,,False
3192,1.57421875,1.560546875,1.5673828125,13.671875,True,0.276136702623149,0.38976240158081055,True,,,False
3193,1.62890625,1.6064453125,1.61767578125,22.4609375,True,0.4536453499337183,0.38346123695373535,True,,,False
3194,1.666015625,1.6259765625,1.64599609375,40.0390625,True,0.808644020473848,0.38358330726623535,True,,,False
3195,1.61328125,1.5927734375,1.60302734375,20.5078125,True,0.41421463854626006,0.3918576240539551,True,,,False
3196,1.5771484375,1.58203125,1.57958984375,-4.8828125,True,0.0986193066399521,0.3831911087036133,True,,,False
3197,1.49609375,1.505859375,1.5009765625,-9.765625,True,0.1972285565198588,0.3836393356323242,True,,,False
3198,1.4755859375,1.4677734375,1.4716796875,7.8125,True,0.15779063558101628,0.3891170024871826,True,,,False
3199,1.55078125,1.5341796875,1.54248046875,16.6015625,True,0.33531756467380197,0.3833937644958496,True,,,False
3200,1.5810546875,1.599609375,1.59033203125,-18.5546875,True,0.37475629444261643,0.3870737552642822,True,,,False
3201,1.5390625,1.544921875,1.5419921875,-5.859375,True,0.11835230352912722,0.5469920635223389,True,,,False
3202,1.5966796875,1.6044921875,1.6005859375,-7.8125,True,0.15779666954761465,0.3901052474975586,True,,,False
3203,1.5361328125,1.5625,1.54931640625,-26.3671875,True,0.5325310891590167,0.382312536239624,True,,,False
3204,1.611328125,1.6240234375,1.61767578125,-12.6953125,True,0.2564171300489483,0.3831791877746582,True,,,False
3205,1.5654296875,1.5927734375,1.5791015625,-27.34375,True,0.5522886537413846,0.3904383182525635,True,,,False
3206,1.6083984375,1.6240234375,1.6162109375,-15.625,True,0.3155997385826794,0.38294410705566406,True,,,False
3207,1.5205078125,1.4755859375,1.498046875,44.921875,True,0.9073201493566508,0.3821604251861572,True,,,False
3208,1.5830078125,1.5791015625,1.5810546875,3.90625,True,0.0788970956350825,0.38807010650634766,True,,,False
3209,1.548828125,1.5654296875,1.55712890625,-16.6015625,True,0.3353213999960852,0.389209508895874,True,,,False
3210,1.58203125,1.619140625,1.6005859375,-37.109375,True,0.7495169781280087,0.38382601737976074,True,,,False
3211,1.5234375,1.541015625,1.5322265625,-17.578125,True,0.355043899339533,0.3836710453033447,True,,,False
3212,1.638671875,1.5712890625,1.60498046875,67.3828125,True,1.3610108340800005,0.3885791301727295,True,,,False
3213,1.5830078125,1.494140625,1.53857421875,88.8671875,True,1.794874913322975,0.3832681179046631,True,,,False
3214,1.5625,1.5576171875,1.56005859375,4.8828125,True,0.09862084584158795,0.38132691383361816,True,,,False
3215,1.5810546875,1.587890625,1.58447265625,-6.8359375,True,0.1380662314338047,0.38877034187316895,True,,,False
3216,1.5732421875,1.5673828125,1.5703125,5.859375,True,0.11834087322951208,0.3836209774017334,True,,,False
3217,1.572265625,1.541015625,1.556640625,31.25,True,0.6311467327271889,0.3837566375732422,True,,,False
3218,1.576171875,1.6240234375,1.60009765625,-47.8515625,True,0.9664468127779685,0.3826262950897217,True,,,False
3219,1.533203125,1.5107421875,1.52197265625,22.4609375,True,0.45364973950492965,0.39435791969299316,True,,,False
3220,1.521484375,1.52734375,1.5244140625,-5.859375,True,0.1183430374963798,0.38262104988098145,True,,,False
3221,1.4853515625,1.5029296875,1.494140625,-17.578125,True,0.35502903050513923,0.38228559494018555,True,,,False
3222,1.517578125,1.54296875,1.5302734375,-25.390625,True,0.5128540006888774,0.3870687484741211,True,,,False
3223,1.5078125,1.533203125,1.5205078125,-25.390625,True,0.5128313683176237,0.3829655647277832,True,,,False
3224,1.5927734375,1.6103515625,1.6015625,-17.578125,True,0.35504292178970115,0.3842480182647705,True,,,False
3225,1.521484375,1.5107421875,1.51611328125,10.7421875,True,0.21696462698356223,0.38243961334228516,True,,,False
3226,1.5224609375,1.5703125,1.54638671875,-47.8515625,True,0.9665020807876756,0.38681530952453613,True,,,False
3227,1.5078125,1.5126953125,1.51025390625,-4.8828125,True,0.09861999253157433,0.38320350646972656,True,,,False
3228,1.5830078125,1.578125,1.58056640625,4.8828125,True,0.09861801684151406,0.3877081871032715,True,,,False
3229,1.541015625,1.513671875,1.52734375,27.34375,True,0.5522882227508549,0.39526820182800293,True,,,False
3230,1.556640625,1.548828125,1.552734375,7.8125,True,0.15779526027390936,0.38671231269836426,True,,,False
3231,1.599609375,1.5791015625,1.58935546875,20.5078125,True,0.4141881664249257,0.38214945793151855,True,,,False
3232,1.5595703125,1.5458984375,1.552734375,13.671875,True,0.2761338393079334,0.39052438735961914,True,,,False
3233,1.517578125,1.5361328125,1.52685546875,-18.5546875,True,0.37475577878648536,0.3818192481994629,True,,,False
3234,1.52734375,1.5,1.513671875,27.34375,True,0.5522748597958056,0.38288092613220215,True,,,False
3235,1.6201171875,1.55859375,1.58935546875,61.5234375,True,1.2425725944670054,0.3836958408355713,True,,,False
3236,1.55078125,1.5732421875,1.56201171875,-22.4609375,True,0.45366445587659393,0.3872663974761963,True,,,False
3237,1.533203125,1.5009765625,1.51708984375,32.2265625,True,0.6509335222585879,0.38408970832824707,True,,,False
3238,1.60546875,1.580078125,1.5927734375,25.390625,True,0.5128153463415529,0.3812589645385742,True,,,False
3239,1.5830078125,1.640625,1.61181640625,-57.6171875,True,1.1637374824396545,0.39211058616638184,True,,,False
3240,1.5341796875,1.5078125,1.52099609375,26.3671875,True,0.5325567690053483,0.3817710876464844,True,,,False
3241,1.53515625,1.546875,1.541015625,-11.71875,True,0.2366842545295905,0.3823542594909668,True,,,False
3242,1.619140625,1.6240234375,1.62158203125,-4.8828125,True,0.09861987949845259,0.3798809051513672,True,,,False
3243,1.5947265625,1.587890625,1.59130859375,6.8359375,True,0.1380683169901066,0.396467924118042,True,,,False
3244,1.5791015625,1.5029296875,1.541015625,76.171875,True,1.5384925740820774,0.3815910816192627,True,,,False
3245,1.6337890625,1.576171875,1.60498046875,57.6171875,True,1.1637201239499584,0.38237571716308594,True,,,False
3246,1.6044921875,1.5859375,1.59521484375,18.5546875,True,0.3747360939903538,0.3871273994445801,True,,,False
3247,1.5166015625,1.5380859375,1.52734375,-21.484375,True,0.43389276392404724,0.3860931396484375,True,,,False
3248,1.5947265625,1.5908203125,1.5927734375,3.90625,True,0.07889370070520656,0.3835725784301758,True,,,False
3249,1.5634765625,1.583984375,1.57373046875,-20.5078125,True,0.41418760777514274,0.39052915573120117,True,,,False
3250,1.595703125,1.58984375,1.5927734375,5.859375,True,0.11835630362711154,0.3884589672088623,True,,,False
3251,1.55859375,1.5771484375,1.56787109375,-18.5546875,True,0.37477485904732505,0.382688045501709,True,,,False
3252,1.5693359375,1.5712890625,1.5703125,-1.953125,True,0.03944705411069606,0.38044047355651855,True,,,False
3253,1.513671875,1.529296875,1.521484375,-15.625,True,0.3155899786706912,0.3898775577545166,True,,,False
3254,1.6044921875,1.630859375,1.61767578125,-26.3671875,True,0.5325920224863343,0.38285112380981445,True,,,False
3255,1.54296875,1.5380859375,1.54052734375,4.8828125,True,0.09861691981777579,0.38454461097717285,True,,,False
3256,1.6201171875,1.60546875,1.61279296875,14.6484375,True,0.29585209905761584,0.3903162479400635,True,,,False
3257,1.57421875,1.5771484375,1.57568359375,-2.9296875,True,0.05916943225700378,0.3839452266693115,True,,,False
3258,1.5791015625,1.5859375,1.58251953125,-6.8359375,True,0.13807496164829253,0.382843017578125,True,,,False
3259,1.5302734375,1.552734375,1.54150390625,-22.4609375,True,0.45367144600670706,0.3826587200164795,True,,,False
3260,1.5419921875,1.6064453125,1.57421875,-64.453125,True,1.3017944118876268,0.38848376274108887,True,,,False
3261,1.548828125,1.541015625,1.544921875,7.8125,True,0.1577939053383392,0.3825833797454834,True,,,False
3262,1.609375,1.619140625,1.6142578125,-9.765625,True,0.19724941293306458,0.4848480224609375,True,,,False
3263,1.5634765625,1.5673828125,1.5654296875,-3.90625,True,0.07889877312432905,0.3982994556427002,True,,,False
3264,1.59375,1.5810546875,1.58740234375,12.6953125,True,0.2564146998184384,0.38376498222351074,True,,,False
3265,1.5693359375,1.5732421875,1.5712890625,-3.90625,True,0.07889811048373202,0.38372135162353516,True,,,False
3266,1.5517578125,1.4599609375,1.505859375,91.796875,True,1.8541049630686148,0.396012544631958,True,,,False
3267,1.4921875,1.5634765625,1.52783203125,-71.2890625,True,1.439873830552441,0.37201976776123047,True,,,False
3268,1.56640625,1.5673828125,1.56689453125,-0.9765625,True,0.01972495006065617,0.3853480815887451,True,,,False
3269,1.53515625,1.6103515625,1.57275390625,-75.1953125,True,1.5186991186390164,0.3939850330352783,True,,,False
3270,1.5009765625,1.455078125,1.47802734375,45.8984375,True,0.927006487737367,0.3979799747467041,True,,,False
3271,1.509765625,1.568359375,1.5390625,-58.59375,True,1.1833561837460838,0.38816332817077637,True,,,False
3272,1.6083984375,1.6015625,1.60498046875,6.8359375,True,0.1380668515836793,0.3839297294616699,True,,,False
3273,1.568359375,1.556640625,1.5625,11.71875,True,0.2366845989244823,0.3905978202819824,True,,,False
3274,1.5673828125,1.5703125,1.56884765625,-2.9296875,True,0.05917025451274774,0.3841233253479004,True,,,False
3275,1.541015625,1.5478515625,1.54443359375,-6.8359375,True,0.13806681316411112,0.3850078582763672,True,,,False
3276,1.5791015625,1.552734375,1.56591796875,26.3671875,True,0.5325333623797806,0.39518213272094727,True,,,False
3277,1.546875,1.5498046875,1.54833984375,-2.9296875,True,0.05917227708973696,0.3835408687591553,True,,,False
3278,1.541015625,1.494140625,1.517578125,46.875,True,0.9467531321152656,0.3827354907989502,True,,,False
3279,1.52734375,1.548828125,1.5380859375,-21.484375,True,0.43392684666910974,0.386364221572876,True,,,False
3280,1.541015625,1.5380859375,1.53955078125,2.9296875,True,0.059175144793375906,0.39821600914001465,True,,,False
3281,1.5673828125,1.572265625,1.56982421875,-4.8828125,True,0.09861920002577829,0.3854849338531494,True,,,False
3282,1.53515625,1.541015625,1.5380859375,-5.859375,True,0.11834078020274491,0.38600945472717285,True,,,False
3283,1.5986328125,1.5966796875,1.59765625,1.953125,True,0.03945049128461568,0.39113783836364746,True,,,False
3284,1.521484375,1.525390625,1.5234375,-3.90625,True,0.0788965847477112,0.38527464866638184,True,,,False
3285,1.623046875,1.59765625,1.6103515625,25.390625,True,0.5128063795006854,0.3836345672607422,True,,,False
3286,1.599609375,1.625,1.6123046875,-25.390625,True,0.5128275935034179,0.38928723335266113,True,,,False
3287,1.587890625,1.572265625,1.580078125,15.625,True,0.31558266108559346,0.3888869285583496,True,,,False
3288,1.5537109375,1.54296875,1.54833984375,10.7421875,True,0.21696714194668054,0.3836660385131836,True,,,False
3289,1.552734375,1.5703125,1.5615234375,-17.578125,True,0.35504359465838264,0.3912339210510254,True,,,False
3290,1.55078125,1.5693359375,1.56005859375,-18.5546875,True,0.3747502139254707,0.3912365436553955,True,,,False
3291,1.5712890625,1.576171875,1.57373046875,-4.8828125,True,0.09861798011601507,0.3846924304962158,True,,,False
3292,1.4912109375,1.5126953125,1.501953125,-21.484375,True,0.43393192005380155,0.38500475883483887,True,,,False
3293,1.5693359375,1.6142578125,1.591796875,-44.921875,True,0.9073075087634266,0.39394617080688477,True,,,False
3294,1.537109375,1.5361328125,1.53662109375,0.9765625,True,0.01972491238776857,0.38294172286987305,True,,,False
3295,1.578125,1.544921875,1.5615234375,33.203125,True,0.6706183691558805,0.38497018814086914,True,,,False
3296,1.5703125,1.56640625,1.568359375,3.90625,True,0.07889713359398202,0.38345909118652344,True,,,False
3297,1.5927734375,1.6123046875,1.6025390625,-19.53125,True,0.39447533014200825,0.3993546962738037,True,,,False
3298,1.53515625,1.5556640625,1.54541015625,-20.5078125,True,0.4141913791394481,0.3851206302642822,True,,,False
3299,1.552734375,1.578125,1.5654296875,-25.390625,True,0.5127943406800988,0.38527989387512207,True,,,False
3300,1.5498046875,1.576171875,1.56298828125,-26.3671875,True,0.5325585385001924,0.39086198806762695,True,,,False
3301,1.5673828125,1.5078125,1.53759765625,59.5703125,True,1.2031886839794343,0.5450005531311035,True,,,False
3302,1.5498046875,1.6142578125,1.58203125,-64.453125,True,1.301804672684725,0.38593411445617676,True,,,False
3303,1.5859375,1.6396484375,1.61279296875,-53.7109375,True,1.0848824056342117,0.39547181129455566,True,,,False
3304,1.5537109375,1.5478515625,1.55078125,5.859375,True,0.11833732814131767,0.3828704357147217,True,,,False
3305,1.5029296875,1.525390625,1.51416015625,-22.4609375,True,0.45367031748732245,0.3826322555541992,True,,,False
3306,1.59375,1.580078125,1.5869140625,13.671875,True,0.2761450742491997,0.38555002212524414,True,,,False
3307,1.513671875,1.4677734375,1.49072265625,45.8984375,True,0.9270578684221953,0.39060449600219727,True,,,False
3308,1.56640625,1.623046875,1.5947265625,-56.640625,True,1.1439616922623022,0.38419008255004883,True,,,False
3309,1.5380859375,1.5556640625,1.546875,-17.578125,True,0.3550241330635855,0.3867776393890381,True,,,False
3310,1.5048828125,1.53515625,1.52001953125,-30.2734375,True,0.6114402258376685,0.4032752513885498,True,,,False
3311,1.5810546875,1.599609375,1.59033203125,-18.5546875,True,0.37475084122092694,0.3837754726409912,True,,,False
3312,1.5634765625,1.59375,1.57861328125,-30.2734375,True,0.6114387729577991,0.3836333751678467,True,,,False
3313,1.5986328125,1.5703125,1.58447265625,28.3203125,True,0.5720028574555353,0.39113712310791016,True,,,False
3314,1.5751953125,1.5810546875,1.578125,-5.859375,True,0.11834552177181348,0.384204626083374,True,,,False
3315,1.6123046875,1.6064453125,1.609375,5.859375,True,0.1183474637757526,0.383624792098999,True,,,False
3316,1.5966796875,1.5986328125,1.59765625,-1.953125,True,0.03944960198977266,0.3827195167541504,True,,,False
3317,1.5791015625,1.6201171875,1.599609375,-41.015625,True,0.8284743366685086,0.39135313034057617,True,,,False
3318,1.55859375,1.5546875,1.556640625,3.90625,True,0.07889984380714249,0.3847620487213135,True,,,False
3319,1.541015625,1.53125,1.5361328125,9.765625,True,0.19725388809595962,0.384782075881958,True,,,False
3320,1.556640625,1.529296875,1.54296875,27.34375,True,0.5522764394579325,0.3899722099304199,True,,,False
3321,1.525390625,1.5341796875,1.52978515625,-8.7890625,True,0.17750414181513338,0.3900637626647949,True,,,False
3322,1.58203125,1.6201171875,1.60107421875,-38.0859375,True,0.76921623648034,0.38509535789489746,True,,,False
3323,1.6435546875,1.56640625,1.60498046875,77.1484375,True,1.5582113407581675,0.3888509273529053,True,,,False
3324,1.6142578125,1.5908203125,1.6025390625,23.4375,True,0.47335767931194134,0.3911435604095459,True,,,False
3325,1.5439453125,1.54296875,1.54345703125,0.9765625,True,0.019724078054111024,0.38373303413391113,True,,,False
3326,1.603515625,1.5361328125,1.56982421875,67.3828125,True,1.3609378786756254,0.3851609230041504,True,,,False
3327,1.5517578125,1.55078125,1.55126953125,0.9765625,True,0.019724681071321533,0.39877820014953613,True,,,False
3328,1.4970703125,1.5380859375,1.517578125,-41.015625,True,0.8283979836823363,0.38477420806884766,True,,,False
3329,1.5654296875,1.580078125,1.57275390625,-14.6484375,True,0.2958444566332498,0.3822321891784668,True,,,False
3330,1.560546875,1.6474609375,1.60400390625,-86.9140625,True,1.7554351134703263,0.39873814582824707,True,,,False
3331,1.5517578125,1.5458984375,1.548828125,5.859375,True,0.1183414331353071,0.3844144344329834,True,,,False
3332,1.65234375,1.63671875,1.64453125,15.625,True,0.3155958224676496,0.38773298263549805,True,,,False
3333,1.53515625,1.533203125,1.5341796875,1.953125,True,0.039447565990591224,0.39325428009033203,True,,,False
3334,1.591796875,1.58203125,1.5869140625,9.765625,True,0.19724217786633566,0.3927183151245117,True,,,False
3335,1.5869140625,1.57421875,1.58056640625,12.6953125,True,0.2564113170900977,0.38420796394348145,True,,,False
3336,1.5263671875,1.5263671875,1.5263671875,0.0,True,0.0,0.3868086338043213,True,,,False
3337,1.611328125,1.634765625,1.623046875,-23.4375,True,0.4733681134918011,0.3977048397064209,True,,,False
3338,1.4609375,1.4423828125,1.45166015625,18.5546875,True,0.3747599451228349,0.3849649429321289,True,,,False
3339,1.4638671875,1.447265625,1.45556640625,16.6015625,True,0.335313932187159,0.38266825675964355,True,,,False
3340,1.59375,1.5703125,1.58203125,23.4375,True,0.4733709753272975,0.3900613784790039,True,,,False
3341,1.529296875,1.5068359375,1.51806640625,22.4609375,True,0.45367182807213724,0.38509702682495117,True,,,False
3342,1.5478515625,1.5224609375,1.53515625,25.390625,True,0.5128838053915035,0.3846743106842041,True,,,False
3343,1.435546875,1.474609375,1.455078125,-39.0625,True,0.7889461470995494,0.3905768394470215,True,,,False
3344,1.5341796875,1.5751953125,1.5546875,-41.015625,True,0.8284271067873128,0.3910071849822998,True,,,False
3345,1.6162109375,1.5849609375,1.6005859375,31.25,True,0.6311884567400292,0.38527774810791016,True,,,False
3346,1.595703125,1.6142578125,1.60498046875,-18.5546875,True,0.3747413559141627,0.4994969367980957,True,,,False
3347,1.552734375,1.546875,1.5498046875,5.859375,True,0.11834918296163252,0.39586806297302246,True,,,False
3348,1.5439453125,1.5576171875,1.55078125,-13.671875,True,0.2761242462319652,0.38570404052734375,True,,,False
3349,1.578125,1.6064453125,1.59228515625,-28.3203125,True,0.571984425508203,0.38445496559143066,True,,,False
3350,1.5927734375,1.6025390625,1.59765625,-9.765625,True,0.19724826269630194,0.39729952812194824,True,,,False
3351,1.5439453125,1.5302734375,1.537109375,13.671875,True,0.27614161176274427,0.3822517395019531,True,,,False
3352,1.58984375,1.572265625,1.5810546875,17.578125,True,0.3550301204527519,0.3850703239440918,True,,,False
3353,1.6591796875,1.712890625,1.68603515625,-53.7109375,True,1.0847580909913468,0.4000680446624756,True,,,False
3354,1.546875,1.537109375,1.5419921875,9.765625,True,0.19724830015054534,0.3883969783782959,True,,,False
3355,1.5400390625,1.572265625,1.55615234375,-32.2265625,True,0.6509253621506229,0.3836178779602051,True,,,False
3356,1.533203125,1.4931640625,1.51318359375,40.0390625,True,0.8086651320539452,0.3928976058959961,True,,,False
3357,1.5625,1.5498046875,1.55615234375,12.6953125,True,0.25640786476034727,0.39096903800964355,True,,,False
3358,1.6142578125,1.595703125,1.60498046875,18.5546875,True,0.3747629593947866,0.3844780921936035,True,,,False
3359,1.5302734375,1.53125,1.53076171875,-0.9765625,True,0.01972416362283154,0.3878300189971924,True,,,False
3360,1.5126953125,1.544921875,1.52880859375,-32.2265625,True,0.6509204036562486,0.4041748046875,True,,,False
3361,1.640625,1.6640625,1.65234375,-23.4375,True,0.47336757295604925,0.38637781143188477,True,,,False
3362,1.587890625,1.6005859375,1.59423828125,-12.6953125,True,0.25643333284262393,0.38517141342163086,True,,,False
3363,1.5517578125,1.578125,1.56494140625,-26.3671875,True,0.5325725919571818,0.3950083255767822,True,,,False
3364,1.4853515625,1.560546875,1.52294921875,-75.1953125,True,1.5187543845447786,0.39142751693725586,True,,,False
3365,1.6728515625,1.6669921875,1.669921875,5.859375,True,0.11834395875885337,0.384981632232666,True,,,False
3366,1.5908203125,1.5927734375,1.591796875,-1.953125,True,0.039450302122377406,0.3960442543029785,True,,,False
3367,1.55078125,1.533203125,1.5419921875,17.578125,True,0.35503496667795814,0.38466978073120117,True,,,False
3368,1.6083984375,1.6025390625,1.60546875,5.859375,True,0.11834327518839964,0.3889012336730957,True,,,False
3369,1.6357421875,1.595703125,1.61572265625,40.0390625,True,0.8086957904091004,0.38347625732421875,True,,,False
3370,1.513671875,1.501953125,1.5078125,11.71875,True,0.23668775919675386,0.39803552627563477,True,,,False
3371,1.5556640625,1.5234375,1.53955078125,32.2265625,True,0.6508937266218692,0.3839600086212158,True,,,False
3372,1.541015625,1.5498046875,1.54541015625,-8.7890625,True,0.17751340514739974,0.38597774505615234,True,,,False
3373,1.5751953125,1.578125,1.57666015625,-2.9296875,True,0.059168795588714046,0.3917510509490967,True,,,False
3374,1.5712890625,1.6123046875,1.591796875,-41.015625,True,0.8283834639708849,0.3870692253112793,True,,,False
3375,1.537109375,1.5380859375,1.53759765625,-0.9765625,True,0.019724992471927383,0.3831601142883301,True,,,False
3376,1.59765625,1.6611328125,1.62939453125,-63.4765625,True,1.282072776605813,0.38475871086120605,True,,,False
3377,1.5693359375,1.59375,1.58154296875,-24.4140625,True,0.49309971018848436,0.39705729484558105,True,,,False
3378,1.5673828125,1.5908203125,1.5791015625,-23.4375,True,0.4733711270777219,0.38549280166625977,True,,,False
3379,1.56640625,1.630859375,1.5986328125,-64.453125,True,1.3018022385096808,0.38419437408447266,True,,,False
3380,1.533203125,1.53125,1.5322265625,1.953125,True,0.039447109957436124,0.3950319290161133,True,,,False
3381,1.548828125,1.544921875,1.546875,3.90625,True,0.0788925748543197,0.3840489387512207,True,,,False
3382,1.5634765625,1.607421875,1.58544921875,-43.9453125,True,0.8875891374859078,0.3849930763244629,True,,,False
3383,1.5888671875,1.673828125,1.63134765625,-84.9609375,True,1.7159119018915092,0.3927280902862549,True,,,False
3384,1.5556640625,1.5634765625,1.5595703125,-7.8125,True,0.15779010299399232,0.39106130599975586,True,,,False
3385,1.5615234375,1.5517578125,1.556640625,9.765625,True,0.19725552133462143,0.3837316036224365,True,,,False
3386,1.615234375,1.6416015625,1.62841796875,-26.3671875,True,0.532512617846943,0.38424062728881836,True,,,False
3387,1.54296875,1.52734375,1.53515625,15.625,True,0.31560618217656256,0.3976879119873047,True,,,False
3388,1.6044921875,1.6884765625,1.646484375,-83.984375,True,1.696291274031592,0.369265079498291,True,,,False
3389,1.587890625,1.5927734375,1.59033203125,-4.8828125,True,0.09861650479101079,0.3845529556274414,True,,,False
3390,1.4931640625,1.533203125,1.51318359375,-40.0390625,True,0.8086163637683053,0.3966796398162842,True,,,False
3391,1.5380859375,1.537109375,1.53759765625,0.9765625,True,0.019724164072857635,0.3836557865142822,True,,,False
3392,1.591796875,1.642578125,1.6171875,-50.78125,True,1.0256517850891413,0.38467836380004883,True,,,False
3393,1.5283203125,1.533203125,1.53076171875,-4.8828125,True,0.09861837740670328,0.38278865814208984,True,,,False
3394,1.591796875,1.58203125,1.5869140625,9.765625,True,0.19724312363583754,0.39063525199890137,True,,,False
3395,1.634765625,1.6064453125,1.62060546875,28.3203125,True,0.5719897339882093,0.38422608375549316,True,,,False
3396,1.5224609375,1.5634765625,1.54296875,-41.015625,True,0.8284201436517099,0.38332629203796387,True,,,False
3397,1.5458984375,1.5341796875,1.5400390625,11.71875,True,0.23670159115415074,0.39777374267578125,True,,,False
3398,1.537109375,1.5302734375,1.53369140625,6.8359375,True,0.13807256316564734,0.38606786727905273,True,,,False
3399,1.53515625,1.541015625,1.5380859375,-5.859375,True,0.11834023549895425,0.3850741386413574,True,,,False
3400,1.5302734375,1.5439453125,1.537109375,-13.671875,True,0.2761136265654511,0.39751744270324707,True,,,False
3401,1.5595703125,1.5791015625,1.5693359375,-19.53125,True,0.3944805346597792,0.6316733360290527,True,,,False
3402,1.5859375,1.5927734375,1.58935546875,-6.8359375,True,0.1380683764236934,0.3824613094329834,True,,,False
3403,1.5859375,1.599609375,1.5927734375,-13.671875,True,0.276131013641921,0.3958704471588135,True,,,False
3404,1.6162109375,1.5927734375,1.6044921875,23.4375,True,0.47336303073746877,0.38309812545776367,True,,,False
3405,1.533203125,1.5615234375,1.54736328125,-28.3203125,True,0.5720052998320837,0.390625,True,,,False
3406,1.5341796875,1.568359375,1.55126953125,-34.1796875,True,0.6903356623791802,0.3911285400390625,True,,,False
3407,1.5224609375,1.5595703125,1.541015625,-37.109375,True,0.7495115243466948,0.39216136932373047,True,,,False
3408,1.587890625,1.623046875,1.60546875,-35.15625,True,0.7100769289704884,0.38359689712524414,True,,,False
3409,1.623046875,1.638671875,1.630859375,-15.625,True,0.31558805124524564,0.3845992088317871,True,,,False
3410,1.470703125,1.43359375,1.4521484375,37.109375,True,0.7495448011466693,0.3892216682434082,True,,,False
3411,1.5146484375,1.521484375,1.51806640625,-6.8359375,True,0.1380740474698324,0.3840320110321045,True,,,False
3412,1.572265625,1.578125,1.5751953125,-5.859375,True,0.11835445808317178,0.3834090232849121,True,,,False
3413,1.6572265625,1.654296875,1.65576171875,2.9296875,True,0.05916732687016563,0.39012908935546875,True,,,False
3414,1.587890625,1.5908203125,1.58935546875,-2.9296875,True,0.059176408259333554,0.3842051029205322,True,,,False
3415,1.513671875,1.48828125,1.5009765625,25.390625,True,0.512836750593008,0.38573718070983887,True,,,False
3416,1.6162109375,1.7138671875,1.6650390625,-97.65625,True,1.9724048769713054,0.3901650905609131,True,,,False
3417,1.625,1.5703125,1.59765625,54.6875,True,1.1045767148571877,0.38285303115844727,True,,,False
3418,1.5615234375,1.5830078125,1.572265625,-21.484375,True,0.43392317926559393,0.3851170539855957,True,,,False
3419,1.5537109375,1.53515625,1.54443359375,18.5546875,True,0.37476882431750697,0.5249378681182861,True,,,False
3420,1.5732421875,1.515625,1.54443359375,57.6171875,True,1.1637044022210405,0.3934040069580078,True,,,False
3421,1.55859375,1.5791015625,1.56884765625,-20.5078125,True,0.41419773807800364,0.38657307624816895,True,,,False
3422,1.5595703125,1.578125,1.56884765625,-18.5546875,True,0.37473780141883,0.3921229839324951,True,,,False
3423,1.5849609375,1.6162109375,1.6005859375,-31.25,True,0.6311784830011308,0.39153242111206055,True,,,False
3424,1.498046875,1.552734375,1.525390625,-54.6875,True,1.1045873048979038,0.38761377334594727,True,,,False
3425,1.564453125,1.578125,1.5712890625,-13.671875,True,0.2761477061301014,0.3851799964904785,True,,,False
3426,1.568359375,1.5615234375,1.56494140625,6.8359375,True,0.13806971955194483,0.38921070098876953,True,,,False
3427,1.564453125,1.5693359375,1.56689453125,-4.8828125,True,0.09862154039678923,0.3864908218383789,True,,,False
3428,1.533203125,1.5625,1.5478515625,-29.296875,True,0.5917143141577593,0.38409996032714844,True,,,False
3429,1.6474609375,1.65625,1.65185546875,-8.7890625,True,0.17752519000591188,0.3886439800262451,True,,,False
3430,1.5576171875,1.5537109375,1.5556640625,3.90625,True,0.07889399435137234,0.38681888580322266,True,,,False
3431,1.4931640625,1.4873046875,1.490234375,5.859375,True,0.11834286777896727,0.3835184574127197,True,,,False
3432,1.5830078125,1.578125,1.58056640625,4.8828125,True,0.09861748746767678,0.38456010818481445,True,,,False
3433,1.4833984375,1.51953125,1.50146484375,-36.1328125,True,0.729804787824964,0.39084696769714355,True,,,False
3434,1.58984375,1.5322265625,1.56103515625,57.6171875,True,1.1637882589039452,0.3850290775299072,True,,,False
3435,1.544921875,1.5390625,1.5419921875,5.859375,True,0.11834597211958449,0.38337063789367676,True,,,False
3436,1.57421875,1.59375,1.583984375,-19.53125,True,0.39448289345615645,0.3846926689147949,True,,,False
3437,1.5673828125,1.5634765625,1.5654296875,3.90625,True,0.0788936874200636,0.4790189266204834,True,,,False
3438,1.56640625,1.4609375,1.513671875,105.46875,True,2.130107174384272,0.39580225944519043,True,,,False
3439,1.556640625,1.5283203125,1.54248046875,28.3203125,True,0.5720420587749968,0.39487195014953613,True,,,False
3440,1.5478515625,1.54296875,1.54541015625,4.8828125,True,0.09862309130450919,0.3840906620025635,True,,,False
3441,1.5556640625,1.5712890625,1.5634765625,-15.625,True,0.3155820442211804,0.3874690532684326,True,,,False
3442,1.615234375,1.6279296875,1.62158203125,-12.6953125,True,0.2564141924388182,0.4045405387878418,True,,,False
3443,1.5595703125,1.56640625,1.56298828125,-6.8359375,True,0.1380702767118659,0.3934907913208008,True,,,False
3444,1.56640625,1.5361328125,1.55126953125,30.2734375,True,0.6114595913860454,0.3850514888763428,True,,,False
3445,1.5693359375,1.583984375,1.57666015625,-14.6484375,True,0.29585846715746894,0.3928263187408447,True,,,False
3446,1.5107421875,1.5458984375,1.5283203125,-35.15625,True,0.7101090428354391,0.39241695404052734,True,,,False
3447,1.5908203125,1.58203125,1.58642578125,8.7890625,True,0.1775032114747693,0.38910937309265137,True,,,False
3448,1.5810546875,1.5732421875,1.5771484375,7.8125,True,0.15779044621029623,0.3857252597808838,True,,,False
3449,1.5791015625,1.576171875,1.57763671875,2.9296875,True,0.05917533439629792,0.4004194736480713,True,,,False
3450,1.5859375,1.5888671875,1.58740234375,-2.9296875,True,0.05917040534017936,0.3856830596923828,True,,,False
3451,1.484375,1.521484375,1.5029296875,-37.109375,True,0.7495307311569912,0.38437604904174805,True,,,False
3452,1.603515625,1.603515625,1.603515625,0.0,True,0.0,0.3839120864868164,True,,,False
3453,1.53125,1.556640625,1.5439453125,-25.390625,True,0.512872736990063,0.39058899879455566,True,,,False
3454,1.60546875,1.568359375,1.5869140625,37.109375,True,0.7495163758109713,0.384629487991333,True,,,False
3455,1.5107421875,1.580078125,1.54541015625,-69.3359375,True,1.4003816029923117,0.3833801746368408,True,,,False
3456,1.642578125,1.638671875,1.640625,3.90625,True,0.0788965898859177,0.38986921310424805,True,,,False
3457,1.5576171875,1.564453125,1.56103515625,-6.8359375,True,0.13806860241626642,0.3829376697540283,True,,,False
3458,1.5302734375,1.5224609375,1.5263671875,7.8125,True,0.1578008229597938,0.38400793075561523,True,,,False
3459,1.560546875,1.5458984375,1.55322265625,14.6484375,True,0.2958692416211164,0.3924076557159424,True,,,False
3460,1.5673828125,1.544921875,1.55615234375,22.4609375,True,0.453662462390856,0.38538694381713867,True,,,False
3461,1.560546875,1.5703125,1.5654296875,-9.765625,True,0.19723762455503838,0.38536930084228516,True,,,False
3462,1.5703125,1.5263671875,1.54833984375,43.9453125,True,0.8875843173243446,0.38451313972473145,True,,,False
3463,1.53515625,1.51171875,1.5234375,23.4375,True,0.4733672052548813,0.39231133460998535,True,,,False
3464,1.53515625,1.5595703125,1.54736328125,-24.4140625,True,0.49308717888224846,0.38840651512145996,True,,,False
3465,1.6044921875,1.58984375,1.59716796875,14.6484375,True,0.29585932778946694,0.3858041763305664,True,,,False
3466,1.603515625,1.6142578125,1.60888671875,-10.7421875,True,0.2169763574652756,0.3957498073577881,True,,,False
3467,1.5078125,1.5068359375,1.50732421875,0.9765625,True,0.019723794612167056,0.3836209774017334,True,,,False
3468,1.5341796875,1.591796875,1.56298828125,-57.6171875,True,1.1636863001942988,0.3857080936431885,True,,,False
3469,1.513671875,1.4970703125,1.50537109375,16.6015625,True,0.335323089308574,0.3928260803222656,True,,,False
3470,1.587890625,1.5888671875,1.58837890625,-0.9765625,True,0.019724133838473847,0.3921318054199219,True,,,False
3471,1.52734375,1.5537109375,1.54052734375,-26.3671875,True,0.5325569897617691,0.38460493087768555,True,,,False
3472,1.5439453125,1.583984375,1.56396484375,-40.0390625,True,0.808677015243691,0.3848989009857178,True,,,False
3473,1.591796875,1.6005859375,1.59619140625,-8.7890625,True,0.17752980267561538,0.3921170234680176,True,,,False
3474,1.55078125,1.5380859375,1.54443359375,12.6953125,True,0.2564095423572795,0.3852274417877197,True,,,False
3475,1.556640625,1.578125,1.5673828125,-21.484375,True,0.43394916376217507,0.38420701026916504,True,,,False
3476,1.580078125,1.6025390625,1.59130859375,-22.4609375,True,0.4536540270051599,0.3894224166870117,True,,,False
3477,1.576171875,1.5615234375,1.56884765625,14.6484375,True,0.29586491518495134,0.3844950199127197,True,,,False
3478,1.55859375,1.525390625,1.5419921875,33.203125,True,0.6706286542789125,0.3834254741668701,True,,,False
3479,1.580078125,1.6044921875,1.59228515625,-24.4140625,True,0.4931093008629409,0.3897089958190918,True,,,False
3480,1.5146484375,1.5546875,1.53466796875,-40.0390625,True,0.808689151984242,0.38963794708251953,True,,,False
3481,1.5673828125,1.560546875,1.56396484375,6.8359375,True,0.13807079505777684,0.38401150703430176,True,,,False
3482,1.5224609375,1.529296875,1.52587890625,-6.8359375,True,0.13806896426028245,0.38376402854919434,True,,,False
3483,1.513671875,1.4931640625,1.50341796875,20.5078125,True,0.41419547294606773,0.39032721519470215,True,,,False
3484,1.5546875,1.5400390625,1.54736328125,14.6484375,True,0.2958537530849314,0.3822469711303711,True,,,False
3485,1.5478515625,1.55859375,1.55322265625,-10.7421875,True,0.21695827675021345,0.3841533660888672,True,,,False
3486,1.5322265625,1.578125,1.55517578125,-45.8984375,True,0.9270377611061671,0.3897056579589844,True,,,False
3487,1.509765625,1.505859375,1.5078125,3.90625,True,0.07889581966815618,0.3847525119781494,True,,,False
3488,1.5322265625,1.5263671875,1.529296875,5.859375,True,0.11834490395702431,0.38164734840393066,True,,,False
3489,1.5478515625,1.5478515625,1.5478515625,0.0,True,0.0,0.3845865726470947,True,,,False
3490,1.5986328125,1.568359375,1.58349609375,30.2734375,True,0.6114852748696538,0.3904705047607422,True,,,False
3491,1.6044921875,1.6328125,1.61865234375,-28.3203125,True,0.5719840153421717,0.3861665725708008,True,,,False
3492,1.5361328125,1.51953125,1.52783203125,16.6015625,True,0.33531255452270886,0.38356876373291016,True,,,False
3493,1.5830078125,1.5888671875,1.5859375,-5.859375,True,0.1183462078395755,0.3921074867248535,True,,,False
3494,1.583984375,1.5390625,1.5615234375,44.921875,True,0.9073415586792484,0.38571834564208984,True,,,False
3495,1.5859375,1.583984375,1.5849609375,1.953125,True,0.039448368337961705,0.384718656539917,True,,,False
3496,1.5224609375,1.54296875,1.53271484375,-20.5078125,True,0.41418936431605835,0.387587308883667,True,,,False
3497,1.5078125,1.5048828125,1.50634765625,2.9296875,True,0.05917037327803009,0.3981897830963135,True,,,False
3498,1.533203125,1.533203125,1.533203125,0.0,True,0.0,0.3843989372253418,True,,,False
3499,1.5537109375,1.576171875,1.56494140625,-22.4609375,True,0.4536291399070082,0.38460874557495117,True,,,False
3500,1.5947265625,1.5634765625,1.5791015625,31.25,True,0.6311905283921659,3.0834596157073975,True,1.550172899590164,0.3442622950819672,False
3501,1.5576171875,1.5712890625,1.564453125,-13.671875,True,0.2761310609250673,0.7076971530914307,True,,,False
3502,1.623046875,1.62890625,1.6259765625,-5.859375,True,0.11835128455967527,0.3901848793029785,True,,,False
3503,1.5283203125,1.5693359375,1.548828125,-41.015625,True,0.8284111460145605,0.3900563716888428,True,,,False
3504,1.578125,1.5634765625,1.57080078125,14.6484375,True,0.29586834607737733,0.38483142852783203,True,,,False
3505,1.556640625,1.546875,1.5517578125,9.765625,True,0.19724770642883135,0.39003467559814453,True,,,False
3506,1.615234375,1.5947265625,1.60498046875,20.5078125,True,0.41421871529732995,0.38304638862609863,True,,,False
3507,1.5087890625,1.5556640625,1.5322265625,-46.875,True,0.94678216949962,0.38451242446899414,True,,,False
3508,1.5302734375,1.5517578125,1.541015625,-21.484375,True,0.4339326189416074,0.38695216178894043,True,,,False
3509,1.5888671875,1.5703125,1.57958984375,18.5546875,True,0.3747628690554115,0.3755073547363281,True,,,False
3510,1.580078125,1.6044921875,1.59228515625,-24.4140625,True,0.49309977565761687,0.38477492332458496,True,,,False
3511,1.505859375,1.505859375,1.505859375,0.0,True,0.0,0.38543057441711426,True,,,False
3512,1.560546875,1.546875,1.5537109375,13.671875,True,0.2761394645013461,0.4797646999359131,True,,,False
3513,1.4990234375,1.517578125,1.50830078125,-18.5546875,True,0.37474579555539145,0.38741302490234375,True,,,False
3514,1.5576171875,1.5576171875,1.5576171875,0.0,True,0.0,0.38652491569519043,True,,,False
3515,1.666015625,1.59375,1.6298828125,72.265625,True,1.4595352317047863,0.39188051223754883,True,,,False
3516,1.5673828125,1.5869140625,1.5771484375,-19.53125,True,0.3944718507920742,0.38533711433410645,True,,,False
3517,1.5517578125,1.5361328125,1.5439453125,15.625,True,0.31558378643325025,0.3865835666656494,True,,,False
3518,1.626953125,1.58203125,1.6044921875,44.921875,True,0.9073287907416158,0.38438963890075684,True,,,False
3519,1.5947265625,1.603515625,1.59912109375,-8.7890625,True,0.17751096601442226,0.39666008949279785,True,,,False
3520,1.6572265625,1.6376953125,1.6474609375,19.53125,True,0.39447873259952904,0.38669562339782715,True,,,False
3521,1.55859375,1.5625,1.560546875,-3.90625,True,0.07889042605974635,0.38527631759643555,True,,,False
3522,1.533203125,1.55078125,1.5419921875,-17.578125,True,0.35503457309700887,0.39035749435424805,True,,,False
3523,1.53515625,1.5615234375,1.54833984375,-26.3671875,True,0.5325222938152914,0.38519906997680664,True,,,False
3524,1.5546875,1.59375,1.57421875,-39.0625,True,0.7889511166195501,0.3860352039337158,True,,,False
3525,1.4833984375,1.544921875,1.51416015625,-61.5234375,True,1.242573118034862,0.38373398780822754,True,,,False
3526,1.560546875,1.5771484375,1.56884765625,-16.6015625,True,0.335295185338521,0.3966684341430664,True,,,False
3527,1.560546875,1.57421875,1.5673828125,-13.671875,True,0.27613854762870155,0.3883185386657715,True,,,False
3528,1.5283203125,1.5625,1.54541015625,-34.1796875,True,0.6903821788337257,0.38429737091064453,True,,,False
3529,1.5634765625,1.576171875,1.56982421875,-12.6953125,True,0.25639700178576275,0.4001274108886719,True,,,False
3530,1.638671875,1.5869140625,1.61279296875,51.7578125,True,1.0453892577857833,0.3864750862121582,True,,,False
3531,1.5341796875,1.5673828125,1.55078125,-33.203125,True,0.6706036286136619,0.3858644962310791,True,,,False
3532,1.595703125,1.58984375,1.5927734375,5.859375,True,0.1183446157112076,0.3930225372314453,True,,,False
3533,1.4912109375,1.5498046875,1.5205078125,-58.59375,True,1.183520283106322,0.39217281341552734,True,,,False
3534,1.5029296875,1.451171875,1.47705078125,51.7578125,True,1.0453771148683972,0.38791465759277344,True,,,False
3535,1.5751953125,1.611328125,1.59326171875,-36.1328125,True,0.7297923446104175,0.3947269916534424,True,,,False
3536,1.5625,1.5537109375,1.55810546875,8.7890625,True,0.177517249756294,0.40143752098083496,True,,,False
3537,1.6396484375,1.59765625,1.61865234375,41.9921875,True,0.8481690822933392,0.3896524906158447,True,,,False
3538,1.560546875,1.54296875,1.5517578125,17.578125,True,0.35503129251547705,0.38933849334716797,True,,,False
3539,1.6142578125,1.609375,1.61181640625,4.8828125,True,0.09862206209709297,0.39109349250793457,True,,,False
3540,1.55078125,1.5517578125,1.55126953125,-0.9765625,True,0.01972525080844793,0.3867816925048828,True,,,False
3541,1.5615234375,1.5732421875,1.5673828125,-11.71875,True,0.2366876019768217,0.38256311416625977,True,,,False
3542,1.51953125,1.5537109375,1.53662109375,-34.1796875,True,0.690365009150598,0.38955140113830566,True,,,False
3543,1.55078125,1.53125,1.541015625,19.53125,True,0.39448463360817015,0.3849954605102539,True,,,False
3544,1.5263671875,1.5283203125,1.52734375,-1.953125,True,0.03944987607544343,0.38254451751708984,True,,,False
3545,1.5341796875,1.560546875,1.54736328125,-26.3671875,True,0.5325790931981693,0.38414478302001953,True,,,False
3546,1.5283203125,1.5537109375,1.541015625,-25.390625,True,0.5128325105831418,0.38765692710876465,True,,,False
3547,1.556640625,1.5751953125,1.56591796875,-18.5546875,True,0.37477369707598146,0.3842804431915283,True,,,False
3548,1.6513671875,1.6103515625,1.630859375,41.015625,True,0.8284062708107289,0.384235143661499,True,,,False
3549,1.611328125,1.61328125,1.6123046875,-1.953125,True,0.039447741756133935,0.3942701816558838,True,,,False
3550,1.572265625,1.482421875,1.52734375,89.84375,True,1.8146224807225007,0.3857710361480713,True,,,False
3551,1.4931640625,1.49609375,1.49462890625,-2.9296875,True,0.05916796047181888,0.38308191299438477,True,,,False
3552,1.5888671875,1.572265625,1.58056640625,16.6015625,True,0.3353123131550151,0.3898050785064697,True,,,False
3553,1.55859375,1.5947265625,1.57666015625,-36.1328125,True,0.7297872879297083,0.3847768306732178,True,,,False
3554,1.5361328125,1.52734375,1.53173828125,8.7890625,True,0.1775221055482563,0.3847348690032959,True,,,False
3555,1.5068359375,1.52734375,1.51708984375,-20.5078125,True,0.414216309527132,0.38159704208374023,True,,,False
3556,1.599609375,1.5361328125,1.56787109375,63.4765625,True,1.282063661628818,0.3886983394622803,True,,,False
3557,1.609375,1.59765625,1.603515625,11.71875,True,0.23671240071505814,0.3903615474700928,True,,,False
3558,1.5830078125,1.59375,1.58837890625,-10.7421875,True,0.21696416245312264,0.3843376636505127,True,,,False
3559,1.59375,1.5400390625,1.56689453125,53.7109375,True,1.0848728936277034,0.3919844627380371,True,,,False
3560,1.5712890625,1.5693359375,1.5703125,1.953125,True,0.039449622799884586,0.38336777687072754,True,,,False
3561,1.5693359375,1.5869140625,1.578125,-17.578125,True,0.35502561398078125,0.38168954849243164,True,,,False
3562,1.556640625,1.5927734375,1.57470703125,-36.1328125,True,0.7297979364960058,0.38484716415405273,True,,,False
3563,1.5205078125,1.5107421875,1.515625,9.765625,True,0.19724737922438415,0.3882009983062744,True,,,False
3564,1.6259765625,1.6005859375,1.61328125,25.390625,True,0.5128546613497416,0.38257288932800293,True,,,False
3565,1.517578125,1.5107421875,1.51416015625,6.8359375,True,0.13808008351724194,0.3827507495880127,True,,,False
3566,1.5517578125,1.5654296875,1.55859375,-13.671875,True,0.27613867469562065,0.39989399909973145,True,,,False
3567,1.5908203125,1.609375,1.60009765625,-18.5546875,True,0.37473132897681344,0.3847236633300781,True,,,False
3568,1.5048828125,1.4912109375,1.498046875,13.671875,True,0.27614237942894543,0.38236021995544434,True,,,False
3569,1.544921875,1.5947265625,1.56982421875,-49.8046875,True,1.00588367619869,0.3914072513580322,True,,,False
3570,1.525390625,1.5302734375,1.52783203125,-4.8828125,True,0.09862050056993263,0.38311266899108887,True,,,False
3571,1.5498046875,1.5390625,1.54443359375,10.7421875,True,0.21696201758688116,0.38316941261291504,True,,,False
3572,1.576171875,1.58203125,1.5791015625,-5.859375,True,0.11833984195213633,0.3832376003265381,True,,,False
3573,1.583984375,1.615234375,1.599609375,-31.25,True,0.6311998136618399,0.38948822021484375,True,,,False
3574,1.48828125,1.5009765625,1.49462890625,-12.6953125,True,0.2564046055016142,0.3837125301361084,True,,,False
3575,1.505859375,1.49609375,1.5009765625,9.765625,True,0.19724804378507363,0.3834824562072754,True,,,False
3576,1.521484375,1.5341796875,1.52783203125,-12.6953125,True,0.2564159789937704,0.39114856719970703,True,,,False
3577,1.544921875,1.52734375,1.5361328125,17.578125,True,0.35503769698745874,0.3862473964691162,True,,,False
3578,1.5771484375,1.5830078125,1.580078125,-5.859375,True,0.11834607895440077,0.3896501064300537,True,,,False
3579,1.5556640625,1.580078125,1.56787109375,-24.4140625,True,0.4931043280901967,0.39026379585266113,True,,,False
3580,1.537109375,1.529296875,1.533203125,7.8125,True,0.15780004395495098,0.39121055603027344,True,,,False
3581,1.607421875,1.572265625,1.58984375,35.15625,True,0.7100570548193587,0.42191386222839355,True,,,False
3582,1.5361328125,1.5390625,1.53759765625,-2.9296875,True,0.059176047009934646,0.3837125301361084,True,,,False
3583,1.5595703125,1.578125,1.56884765625,-18.5546875,True,0.3747672803159454,0.3938274383544922,True,,,False
3584,1.572265625,1.5537109375,1.56298828125,18.5546875,True,0.37475618555887596,0.38410091400146484,True,,,False
3585,1.5146484375,1.578125,1.54638671875,-63.4765625,True,1.2820245955681866,0.3823866844177246,True,,,False
3586,1.533203125,1.53515625,1.5341796875,-1.953125,True,0.039448150229318926,0.4014773368835449,True,,,False
3587,1.525390625,1.4921875,1.5087890625,33.203125,True,0.6706204421895895,0.38213181495666504,True,,,False
3588,1.5439453125,1.55859375,1.55126953125,-14.6484375,True,0.2958597619614859,0.391498327255249,True,,,False
3589,1.603515625,1.5849609375,1.59423828125,18.5546875,True,0.3747383346781018,0.3844728469848633,True,,,False
3590,1.5546875,1.56640625,1.560546875,-11.71875,True,0.2366917773090838,0.38834595680236816,True,,,False
3591,1.5712890625,1.576171875,1.57373046875,-4.8828125,True,0.09862220822362881,0.38319897651672363,True,,,False
3592,1.5537109375,1.5615234375,1.5576171875,-7.8125,True,0.1578023859236065,0.381270170211792,True,,,False
3593,1.52734375,1.55078125,1.5390625,-23.4375,True,0.4733728417872827,0.3876063823699951,True,,,False
3594,1.58984375,1.5869140625,1.58837890625,2.9296875,True,0.05917139266340828,0.3830418586730957,True,,,False
3595,1.609375,1.5869140625,1.59814453125,22.4609375,True,0.4536523917062221,0.3834817409515381,True,,,False
3596,1.59375,1.599609375,1.5966796875,-5.859375,True,0.11834574424489214,0.39401984214782715,True,,,False
3597,1.5302734375,1.5126953125,1.521484375,17.578125,True,0.3550106806866316,0.3890693187713623,True,,,False
3598,1.5595703125,1.55859375,1.55908203125,0.9765625,True,0.019724630528441155,0.38312435150146484,True,,,False
3599,1.591796875,1.5849609375,1.58837890625,6.8359375,True,0.1380755944942755,0.3842287063598633,True,,,False
3600,1.630859375,1.63671875,1.6337890625,-5.859375,True,0.11834695148975131,0.3894824981689453,True,,,False
3601,1.4931640625,1.4853515625,1.4892578125,7.8125,True,0.15779137964861623,0.5436067581176758,True,,,False
3602,1.5419921875,1.544921875,1.54345703125,-2.9296875,True,0.05917275520874336,0.3833651542663574,True,,,False
3603,1.494140625,1.4833984375,1.48876953125,10.7421875,True,0.21696475674797838,0.39107728004455566,True,,,False
3604,1.580078125,1.5400390625,1.56005859375,40.0390625,True,0.8087373662944279,0.38659214973449707,True,,,False
3605,1.564453125,1.572265625,1.568359375,-7.8125,True,0.15780013683983124,0.38257384300231934,True,,,False
3606,1.52734375,1.5341796875,1.53076171875,-6.8359375,True,0.1380653941678471,0.3954582214355469,True,,,False
3607,1.625,1.6591796875,1.64208984375,-34.1796875,True,0.6903324029779527,0.3832123279571533,True,,,False
3608,1.548828125,1.6064453125,1.57763671875,-57.6171875,True,1.1637333009763022,0.38306760787963867,True,,,False
3609,1.5576171875,1.5478515625,1.552734375,9.765625,True,0.19723855384718517,0.3841259479522705,True,,,False
3610,1.609375,1.599609375,1.6044921875,9.765625,True,0.19724282074569877,0.39280152320861816,True,,,False
3611,1.5166015625,1.517578125,1.51708984375,-0.9765625,True,0.0197239846632385,0.3845863342285156,True,,,False
3612,1.59375,1.591796875,1.5927734375,1.953125,True,0.039449166856330715,0.3811509609222412,True,,,False
3613,1.580078125,1.6103515625,1.59521484375,-30.2734375,True,0.6114451158700585,0.39749670028686523,True,,,False
3614,1.462890625,1.41796875,1.4404296875,44.921875,True,0.9073791561660685,0.38376331329345703,True,,,False
3615,1.6015625,1.54296875,1.572265625,58.59375,True,1.183360980993942,0.47686076164245605,True,,,False
3616,1.5478515625,1.607421875,1.57763671875,-59.5703125,True,1.2031741674387382,0.3962736129760742,True,,,False
3617,1.5947265625,1.603515625,1.59912109375,-8.7890625,True,0.1775186371037442,0.40235185623168945,True,,,False
3618,1.537109375,1.5146484375,1.52587890625,22.4609375,True,0.45365650176307637,0.3858976364135742,True,,,False
3619,1.6171875,1.595703125,1.6064453125,21.484375,True,0.4339327165599552,0.3861684799194336,True,,,False
3620,1.5419921875,1.529296875,1.53564453125,12.6953125,True,0.25641566080116956,0.39111852645874023,True,,,False
3621,1.5458984375,1.5546875,1.55029296875,-8.7890625,True,0.17750668889074792,0.3871769905090332,True,,,False
3622,1.5703125,1.57421875,1.572265625,-3.90625,True,0.07889729726694462,0.3853747844696045,True,,,False
3623,1.615234375,1.5654296875,1.59033203125,49.8046875,True,1.005947301297849,0.3956022262573242,True,,,False
3624,1.509765625,1.46875,1.4892578125,41.015625,True,0.8283942736749355,0.38638901710510254,True,,,False
3625,1.587890625,1.654296875,1.62109375,-66.40625,True,1.3412155980856673,0.3849477767944336,True,,,False
3626,1.5595703125,1.5517578125,1.5556640625,7.8125,True,0.1577970970203002,0.386244535446167,True,,,False
3627,1.5498046875,1.5390625,1.54443359375,10.7421875,True,0.21696742275916947,0.39851808547973633,True,,,False
3628,1.5908203125,1.60546875,1.59814453125,-14.6484375,True,0.29586222641920085,0.39316797256469727,True,,,False
3629,1.6044921875,1.5673828125,1.5859375,37.109375,True,0.7494993959612558,0.38582301139831543,True,,,False
3630,1.470703125,1.5,1.4853515625,-29.296875,True,0.5917693215835527,0.38162708282470703,True,,,False
3631,1.587890625,1.5751953125,1.58154296875,12.6953125,True,0.25641159487771004,0.3863253593444824,True,,,False
3632,1.5673828125,1.595703125,1.58154296875,-28.3203125,True,0.5720165256230357,0.38449549674987793,True,,,False
3633,1.564453125,1.5927734375,1.57861328125,-28.3203125,True,0.5720353190905804,0.39585137367248535,True,,,False
3634,1.560546875,1.5732421875,1.56689453125,-12.6953125,True,0.2564250290581453,0.3862309455871582,True,,,False
3635,1.5888671875,1.55078125,1.56982421875,38.0859375,True,0.7692623544694417,0.38401246070861816,True,,,False
3636,1.56640625,1.5537109375,1.56005859375,12.6953125,True,0.25642425547110176,0.38393092155456543,True,,,False
3637,1.5634765625,1.5390625,1.55126953125,24.4140625,True,0.4931121479734718,0.40192437171936035,True,,,False
3638,1.556640625,1.5859375,1.5712890625,-29.296875,True,0.5916990874211812,0.3839409351348877,True,,,False
3639,1.5625,1.5751953125,1.56884765625,-12.6953125,True,0.2564180697520804,0.38488030433654785,True,,,False
3640,1.5,1.5498046875,1.52490234375,-49.8046875,True,1.0059569415028202,0.38996243476867676,True,,,False
3641,1.5146484375,1.490234375,1.50244140625,24.4140625,True,0.4931054414965932,0.38355350494384766,True,,,False
3642,1.513671875,1.5498046875,1.53173828125,-36.1328125,True,0.7297812080777872,0.3852682113647461,True,,,False
3643,1.515625,1.57421875,1.544921875,-58.59375,True,1.1834361410196326,0.3925034999847412,True,,,False
3644,1.57421875,1.5888671875,1.58154296875,-14.6484375,True,0.2958644674686677,0.3883321285247803,True,,,False
3645,1.5205078125,1.505859375,1.51318359375,14.6484375,True,0.29585399857092026,0.38523268699645996,True,,,False
3646,1.564453125,1.5712890625,1.56787109375,-6.8359375,True,0.138068299185531,0.38528919219970703,True,,,False
3647,1.4658203125,1.4912109375,1.478515625,-25.390625,True,0.512823363569787,0.3924088478088379,True,,,False
3648,1.5625,1.5693359375,1.56591796875,-6.8359375,True,0.13806344903511278,0.38683438301086426,True,,,False
3649,1.599609375,1.595703125,1.59765625,3.90625,True,0.07890112004215441,0.3851346969604492,True,,,False
3650,1.5693359375,1.5673828125,1.568359375,1.953125,True,0.03944825680375888,0.3998110294342041,True,,,False
3651,1.580078125,1.580078125,1.580078125,0.0,True,0.0,0.3854813575744629,True,,,False
3652,1.6279296875,1.591796875,1.60986328125,36.1328125,True,0.7297649843625986,0.38457465171813965,True,,,False
3653,1.55859375,1.5205078125,1.53955078125,38.0859375,True,0.7692501023241269,0.3912928104400635,True,,,False
3654,1.5859375,1.5224609375,1.55419921875,63.4765625,True,1.2820658361318584,0.3909645080566406,True,,,False
3655,1.517578125,1.5322265625,1.52490234375,-14.6484375,True,0.2958691825200629,0.38377928733825684,True,,,False
3656,1.6416015625,1.595703125,1.61865234375,45.8984375,True,0.9270666305609684,0.3836090564727783,True,,,False
3657,1.556640625,1.5576171875,1.55712890625,-0.9765625,True,0.019724458735691463,0.39577603340148926,True,,,False
3658,1.5234375,1.513671875,1.5185546875,9.765625,True,0.19724471289395443,0.38635754585266113,True,,,False
3659,1.568359375,1.55859375,1.5634765625,9.765625,True,0.19724710938744927,0.38314199447631836,True,,,False
3660,1.607421875,1.572265625,1.58984375,35.15625,True,0.7100858825853499,0.39176082611083984,True,,,False
3661,1.548828125,1.5458984375,1.54736328125,2.9296875,True,0.05917258683224472,0.38399481773376465,True,,,False
3662,1.5498046875,1.55078125,1.55029296875,-0.9765625,True,0.01972372699034605,0.3856475353240967,True,,,False
3663,1.55078125,1.5615234375,1.55615234375,-10.7421875,True,0.21695792296577981,0.38770127296447754,True,,,False
3664,1.5859375,1.552734375,1.5693359375,33.203125,True,0.6706419762584407,0.39051365852355957,True,,,False
3665,1.59375,1.5849609375,1.58935546875,8.7890625,True,0.177522080097898,0.3839247226715088,True,,,False
3666,1.615234375,1.6591796875,1.63720703125,-43.9453125,True,0.8876461685866582,0.38515496253967285,True,,,False
3667,1.541015625,1.541015625,1.541015625,0.0,True,0.0,0.39108777046203613,True,,,False
3668,1.5380859375,1.5146484375,1.5263671875,23.4375,True,0.47337460620712657,0.3862006664276123,True,,,False
3669,1.623046875,1.6025390625,1.61279296875,20.5078125,True,0.41422309890421544,0.382641077041626,True,,,False
3670,1.58984375,1.609375,1.599609375,-19.53125,True,0.3944805418303641,0.3901844024658203,True,,,False
3671,1.5556640625,1.556640625,1.55615234375,-0.9765625,True,0.019723963678167065,0.38655757904052734,True,,,False
3672,1.5703125,1.55078125,1.560546875,19.53125,True,0.39448476210800903,0.3926224708557129,True,,,False
3673,1.6025390625,1.5361328125,1.5693359375,66.40625,True,1.3411355337672324,0.3855891227722168,True,,,False
3674,1.5234375,1.5146484375,1.51904296875,8.7890625,True,0.17750349577887317,0.389204740524292,True,,,False
3675,1.580078125,1.5634765625,1.57177734375,16.6015625,True,0.3353149278785491,0.386244535446167,True,,,False
3676,1.5654296875,1.5234375,1.54443359375,41.9921875,True,0.8481785623204313,0.38533949851989746,True,,,False
3677,1.421875,1.4580078125,1.43994140625,-36.1328125,True,0.7297691290989028,0.3988485336303711,True,,,False
3678,1.490234375,1.521484375,1.505859375,-31.25,True,0.6311762862884291,0.38445329666137695,True,,,False
3679,1.537109375,1.509765625,1.5234375,27.34375,True,0.552248307557756,0.38682055473327637,True,,,False
3680,1.5390625,1.5390625,1.5390625,0.0,True,0.0,0.3952064514160156,True,,,False
3681,1.533203125,1.5341796875,1.53369140625,-0.9765625,True,0.019723238075174863,0.38663291931152344,True,,,False
3682,1.5,1.5263671875,1.51318359375,-26.3671875,True,0.5325372242177931,0.3861510753631592,True,,,False
3683,1.6083984375,1.6015625,1.60498046875,6.8359375,True,0.13806876990641792,0.39125609397888184,True,,,False
3684,1.5849609375,1.59765625,1.59130859375,-12.6953125,True,0.2564099647180102,0.3897247314453125,True,,,False
3685,1.6259765625,1.5869140625,1.6064453125,39.0625,True,0.7889873071126144,0.384824275970459,True,,,False
3686,1.5615234375,1.568359375,1.56494140625,-6.8359375,True,0.13806603616714738,0.38553309440612793,True,,,False
3687,1.51953125,1.4833984375,1.50146484375,36.1328125,True,0.7298144004616736,0.3999209403991699,True,,,False
3688,1.525390625,1.5517578125,1.53857421875,-26.3671875,True,0.532542936391088,0.3856947422027588,True,,,False
3689,1.58984375,1.5849609375,1.58740234375,4.8828125,True,0.09862340911611198,0.38448166847229004,True,,,False
3690,1.5791015625,1.5205078125,1.5498046875,58.59375,True,1.1834635097116672,0.39186906814575195,True,,,False
3691,1.58203125,1.6005859375,1.59130859375,-18.5546875,True,0.37475506107466194,0.3940999507904053,True,,,False
3692,1.6015625,1.6435546875,1.62255859375,-41.9921875,True,0.8481637996044782,0.39049649238586426,True,,,False
3693,1.537109375,1.513671875,1.525390625,23.4375,True,0.4733714569970306,0.3838343620300293,True,,,False
3694,1.5615234375,1.56640625,1.56396484375,-4.8828125,True,0.0986266538499036,0.38979220390319824,True,,,False
3695,1.587890625,1.607421875,1.59765625,-19.53125,True,0.39447877440613793,0.38616514205932617,True,,,False
3696,1.490234375,1.5283203125,1.50927734375,-38.0859375,True,0.7691929462755758,0.38686227798461914,True,,,False
3697,1.53515625,1.5498046875,1.54248046875,-14.6484375,True,0.29586091379014057,0.3878602981567383,True,,,False
3698,1.548828125,1.5380859375,1.54345703125,10.7421875,True,0.21696194320877046,0.38582754135131836,True,,,False
3699,1.5390625,1.525390625,1.5322265625,13.671875,True,0.27613936057140653,0.38537168502807617,True,,,False
3700,1.572265625,1.5986328125,1.58544921875,-26.3671875,True,0.5325882370384033,0.38847780227661133,True,,,False
3701,1.5439453125,1.5625,1.55322265625,-18.5546875,True,0.3747596588968435,0.7073283195495605,True,,,False
3702,1.478515625,1.470703125,1.474609375,7.8125,True,0.15779148244675142,0.38518738746643066,True,,,False
3703,1.5634765625,1.5732421875,1.568359375,-9.765625,True,0.19722243138481874,0.391063928604126,True,,,False
3704,1.6455078125,1.6201171875,1.6328125,25.390625,True,0.5128278547607018,0.3832566738128662,True,,,False
3705,1.5576171875,1.5537109375,1.5556640625,3.90625,True,0.07889871942719213,0.48526716232299805,True,,,False
3706,1.6015625,1.5439453125,1.57275390625,57.6171875,True,1.1637343211100402,0.3986084461212158,True,,,False
3707,1.6044921875,1.578125,1.59130859375,26.3671875,True,0.5325246348828852,0.385331392288208,True,,,False
3708,1.6240234375,1.5966796875,1.6103515625,27.34375,True,0.5522730377575134,0.3860952854156494,True,,,False
3709,1.5615234375,1.5400390625,1.55078125,21.484375,True,0.4339409619654278,0.38596272468566895,True,,,False
3710,1.5537109375,1.5625,1.55810546875,-8.7890625,True,0.17751415755626643,0.39169955253601074,True,,,False
3711,1.529296875,1.5361328125,1.53271484375,-6.8359375,True,0.13806156841711084,0.38401365280151367,True,,,False
3712,1.5869140625,1.6357421875,1.611328125,-48.828125,True,0.9861801818100143,0.38639116287231445,True,,,False
3713,1.5625,1.5556640625,1.55908203125,6.8359375,True,0.13806274217338368,0.39324116706848145,True,,,False
3714,1.5849609375,1.572265625,1.57861328125,12.6953125,True,0.25641427344672285,0.3919384479522705,True,,,False
3715,1.5048828125,1.5927734375,1.548828125,-87.890625,True,1.7750929840244243,0.39006543159484863,True,,,False
3716,1.595703125,1.5673828125,1.58154296875,28.3203125,True,0.5720072239253122,0.3890962600708008,True,,,False
3717,1.5068359375,1.556640625,1.53173828125,-49.8046875,True,1.0058801017933032,0.3832690715789795,True,,,False
3718,1.5615234375,1.556640625,1.55908203125,4.8828125,True,0.09862073226856813,0.384113073348999,True,,,False
3719,1.5908203125,1.595703125,1.59326171875,-4.8828125,True,0.09861823965457131,0.38562989234924316,True,,,False
3720,1.60546875,1.591796875,1.5986328125,13.671875,True,0.2761382791809134,0.3951077461242676,True,,,False
3721,1.630859375,1.5400390625,1.58544921875,90.8203125,True,1.8344296248306171,0.3848152160644531,True,,,False
3722,1.6572265625,1.677734375,1.66748046875,-20.5078125,True,0.4142006120393042,0.38332080841064453,True,,,False
3723,1.5830078125,1.5927734375,1.587890625,-9.765625,True,0.19724155277985933,0.39462995529174805,True,,,False
3724,1.578125,1.5703125,1.57421875,7.8125,True,0.15779804162904013,0.38547825813293457,True,,,False
3725,1.53515625,1.578125,1.556640625,-42.96875,True,0.867860075437673,0.38572001457214355,True,,,False
3726,1.6181640625,1.5908203125,1.6044921875,27.34375,True,0.5522552418276473,0.384157657623291,True,,,False
3727,1.515625,1.5322265625,1.52392578125,-16.6015625,True,0.3353170963361953,0.39739251136779785,True,,,False
3728,1.5576171875,1.5439453125,1.55078125,13.671875,True,0.27613842276495215,0.38629841804504395,True,,,False
3729,1.5185546875,1.5419921875,1.5302734375,-23.4375,True,0.4733901616674467,0.38524794578552246,True,,,False
3730,1.5771484375,1.5712890625,1.57421875,5.859375,True,0.11834589708876665,0.39902186393737793,True,,,False
3731,1.50390625,1.5263671875,1.51513671875,-22.4609375,True,0.45366431075166747,0.3857614994049072,True,,,False
3732,1.5634765625,1.59765625,1.58056640625,-34.1796875,True,0.6903267163965392,0.38584399223327637,True,,,False
3733,1.60546875,1.5791015625,1.59228515625,26.3671875,True,0.5325768741338983,0.3964047431945801,True,,,False
3734,1.6240234375,1.599609375,1.61181640625,24.4140625,True,0.4930900142286238,0.3892631530761719,True,,,False
3735,1.5869140625,1.556640625,1.57177734375,30.2734375,True,0.6114447241067864,0.3849813938140869,True,,,False
3736,1.5126953125,1.5146484375,1.513671875,-1.953125,True,0.03944824311827263,0.3852088451385498,True,,,False
3737,1.580078125,1.640625,1.6103515625,-60.546875,True,1.2229606502361392,0.3962733745574951,True,,,False
3738,1.6259765625,1.625,1.62548828125,0.9765625,True,0.019723780600561475,0.38876914978027344,True,,,False
3739,1.494140625,1.49609375,1.4951171875,-1.953125,True,0.039447448524578266,0.3862907886505127,True,,,False
3740,1.6455078125,1.64453125,1.64501953125,0.9765625,True,0.019724161149871293,0.3912360668182373,True,,,False
3741,1.537109375,1.5,1.5185546875,37.109375,True,0.7494721220606116,0.3830530643463135,True,,,False
3742,1.5625,1.4619140625,1.51220703125,100.5859375,True,2.031480781767577,0.3901691436767578,True,,,False
3743,1.4921875,1.49609375,1.494140625,-3.90625,True,0.07889341280165219,0.38578319549560547,True,,,False
3744,1.6064453125,1.5869140625,1.5966796875,19.53125,True,0.39448024467973647,0.39041852951049805,True,,,False
3745,1.529296875,1.541015625,1.53515625,-11.71875,True,0.23670964642319525,0.38445591926574707,True,,,False
3746,1.6083984375,1.5556640625,1.58203125,52.734375,True,1.0651201378897213,0.38475799560546875,True,,,False
3747,1.5947265625,1.5966796875,1.595703125,-1.953125,True,0.03944872726118462,0.39230823516845703,True,,,False
3748,1.541015625,1.5693359375,1.55517578125,-28.3203125,True,0.5719973195195323,0.38625311851501465,True,,,False
3749,1.5615234375,1.5830078125,1.572265625,-21.484375,True,0.4339255373727587,0.38540196418762207,True,,,False
3750,1.5751953125,1.568359375,1.57177734375,6.8359375,True,0.13806442345158376,0.39168405532836914,True,,,False
3751,1.3916015625,1.5029296875,1.447265625,-111.328125,True,2.248473382447575,0.369004487991333,True,,,False
3752,1.6103515625,1.625,1.61767578125,-14.6484375,True,0.2958609924574334,0.38379693031311035,True,,,False
3753,1.51953125,1.51171875,1.515625,7.8125,True,0.1578027595662882,0.384929895401001,True,,,False
3754,1.55078125,1.556640625,1.5537109375,-5.859375,True,0.1183364748174946,0.39767026901245117,True,,,False
3755,1.5537109375,1.462890625,1.50830078125,90.8203125,True,1.8344948027860046,0.38539958000183105,True,,,False
3756,1.6162109375,1.634765625,1.62548828125,-18.5546875,True,0.3747527907990066,0.3832683563232422,True,,,False
3757,1.57421875,1.591796875,1.5830078125,-17.578125,True,0.35500252641307034,0.3927333354949951,True,,,False
3758,1.560546875,1.5693359375,1.56494140625,-8.7890625,True,0.17751998021252058,0.38480281829833984,True,,,False
3759,1.5615234375,1.5693359375,1.5654296875,-7.8125,True,0.15779725802287844,0.38556361198425293,True,,,False
3760,1.556640625,1.6005859375,1.57861328125,-43.9453125,True,0.8876177421086934,0.38455963134765625,True,,,False
3761,1.5869140625,1.6015625,1.59423828125,-14.6484375,True,0.29587257429244995,0.3963017463684082,True,,,False
3762,1.544921875,1.5498046875,1.54736328125,-4.8828125,True,0.09861628279102636,0.3848073482513428,True,,,False
3763,1.5048828125,1.513671875,1.50927734375,-8.7890625,True,0.17750922694251636,0.3851742744445801,True,,,False
3764,1.544921875,1.5322265625,1.53857421875,12.6953125,True,0.2564126841863116,0.3910026550292969,True,,,False
3765,1.490234375,1.44921875,1.4697265625,41.015625,True,0.8283966234446627,0.3858475685119629,True,,,False
3766,1.568359375,1.59765625,1.5830078125,-29.296875,True,0.5917614896867357,0.38537144660949707,True,,,False
3767,1.5947265625,1.5693359375,1.58203125,25.390625,True,0.5128007035609731,0.389878511428833,True,,,False
3768,1.5732421875,1.5771484375,1.5751953125,-3.90625,True,0.07889665986160724,0.3891768455505371,True,,,False
3769,1.5576171875,1.5771484375,1.5673828125,-19.53125,True,0.39447529845569834,0.38645482063293457,True,,,False
3770,1.564453125,1.5322265625,1.54833984375,32.2265625,True,0.6509015891651652,0.384366512298584,True,,,False
3771,1.556640625,1.5498046875,1.55322265625,6.8359375,True,0.13807582848391753,0.3897891044616699,True,,,False
3772,1.6162109375,1.5576171875,1.5869140625,58.59375,True,1.1834081117411046,0.3863539695739746,True,,,False
3773,1.6328125,1.5693359375,1.60107421875,63.4765625,True,1.2819985049475129,0.3861429691314697,True,,,False
3774,1.6552734375,1.6591796875,1.6572265625,-3.90625,True,0.07889568734758025,0.3945789337158203,True,,,False
3775,1.5390625,1.5107421875,1.52490234375,28.3203125,True,0.5720256788514013,0.38846492767333984,True,,,False
3776,1.595703125,1.603515625,1.599609375,-7.8125,True,0.15778249657487034,0.3845212459564209,True,,,False
3777,1.599609375,1.6142578125,1.60693359375,-14.6484375,True,0.2958530302846395,0.3854503631591797,True,,,False
3778,1.5546875,1.5302734375,1.54248046875,24.4140625,True,0.49310316059250475,0.39074110984802246,True,,,False
3779,1.5693359375,1.556640625,1.56298828125,12.6953125,True,0.25640668044467324,0.38717174530029297,True,,,False
3780,1.5615234375,1.5537109375,1.5576171875,7.8125,True,0.15779546368989197,0.38564538955688477,True,,,False
3781,1.5146484375,1.5283203125,1.521484375,-13.671875,True,0.276136679760103,0.4007432460784912,True,,,False
3782,1.5517578125,1.5458984375,1.548828125,5.859375,True,0.11835281846346753,0.38591647148132324,True,,,False
3783,1.5810546875,1.5615234375,1.5712890625,19.53125,True,0.3944478108551945,0.3860900402069092,True,,,False
3784,1.5986328125,1.59765625,1.59814453125,0.9765625,True,0.019723524351474495,0.39433789253234863,True,,,False
3785,1.5634765625,1.5283203125,1.5458984375,35.15625,True,0.7100701676738209,0.390411376953125,True,,,False
3786,1.572265625,1.560546875,1.56640625,11.71875,True,0.23667907256791398,0.38384342193603516,True,,,False
3787,1.55859375,1.564453125,1.5615234375,-5.859375,True,0.11834308404386525,0.38319969177246094,True,,,False
3788,1.6259765625,1.62890625,1.62744140625,-2.9296875,True,0.059170756846362034,0.39498448371887207,True,,,False
3789,1.513671875,1.5205078125,1.51708984375,-6.8359375,True,0.1380612382278394,0.38486433029174805,True,,,False
3790,1.5869140625,1.6025390625,1.5947265625,-15.625,True,0.31557940655905004,0.38505101203918457,True,,,False
3791,1.6064453125,1.6015625,1.60400390625,4.8828125,True,0.09861539050234602,0.390500545501709,True,,,False
3792,1.5078125,1.5107421875,1.50927734375,-2.9296875,True,0.05917186550806405,0.4771542549133301,True,,,False
3793,1.521484375,1.5302734375,1.52587890625,-8.7890625,True,0.1775182568739497,0.39289283752441406,True,,,False
3794,1.595703125,1.619140625,1.607421875,-23.4375,True,0.4733803653814244,0.38942933082580566,True,,,False
3795,1.5830078125,1.6318359375,1.607421875,-48.828125,True,0.9862144865593065,0.3879122734069824,True,,,False
3796,1.615234375,1.6181640625,1.61669921875,-2.9296875,True,0.05917353733054131,0.3863084316253662,True,,,False
3797,1.578125,1.5849609375,1.58154296875,-6.8359375,True,0.13806948764701776,0.39539432525634766,True,,,False
3798,1.5859375,1.5615234375,1.57373046875,24.4140625,True,0.4931203564834256,0.398944616317749,True,,,False
3799,1.572265625,1.5302734375,1.55126953125,41.9921875,True,0.848191760355366,0.38553309440612793,True,,,False
3800,1.5947265625,1.63671875,1.61572265625,-41.9921875,True,0.8481261735481724,0.3856685161590576,True,,,False
3801,1.5224609375,1.5244140625,1.5234375,-1.953125,True,0.0394491786287114,0.7047486305236816,True,,,False
3802,1.552734375,1.572265625,1.5625,-19.53125,True,0.394497782276418,0.3858804702758789,True,,,False
3803,1.5234375,1.583984375,1.5537109375,-60.546875,True,1.2229095805658383,0.3997786045074463,True,,,False
3804,1.486328125,1.4873046875,1.48681640625,-0.9765625,True,0.01972334346469556,0.38567352294921875,True,,,False
3805,1.5654296875,1.5537109375,1.5595703125,11.71875,True,0.2366843442605497,0.38883018493652344,True,,,False
3806,1.5087890625,1.4990234375,1.50390625,9.765625,True,0.1972428450246383,0.3832676410675049,True,,,False
3807,1.552734375,1.548828125,1.55078125,3.90625,True,0.0789002670271116,0.3912785053253174,True,,,False
3808,1.5302734375,1.529296875,1.52978515625,0.9765625,True,0.0197234326480654,0.3851313591003418,True,,,False
3809,1.6630859375,1.64453125,1.65380859375,18.5546875,True,0.374754007372323,0.38929271697998047,True,,,False
3810,1.517578125,1.5419921875,1.52978515625,-24.4140625,True,0.4931014299172136,0.38930225372314453,True,,,False
3811,1.50390625,1.5654296875,1.53466796875,-61.5234375,True,1.2425803193667102,0.3853724002838135,True,,,False
3812,1.62109375,1.6025390625,1.61181640625,18.5546875,True,0.37474180087675424,0.38510870933532715,True,,,False
3813,1.521484375,1.5263671875,1.52392578125,-4.8828125,True,0.09861803551584704,0.38839077949523926,True,,,False
3814,1.5986328125,1.6357421875,1.6171875,-37.109375,True,0.749497826700648,0.38988494873046875,True,,,False
3815,1.5126953125,1.521484375,1.51708984375,-8.7890625,True,0.17752148432710488,0.38358044624328613,True,,,False
3816,1.51171875,1.5576171875,1.53466796875,-45.8984375,True,0.9270050956584208,0.38431406021118164,True,,,False
3817,1.5361328125,1.5703125,1.55322265625,-34.1796875,True,0.6903470211980677,0.39150404930114746,True,,,False
3818,1.5244140625,1.5,1.51220703125,24.4140625,True,0.49314204128078465,0.38445448875427246,True,,,False
3819,1.591796875,1.5751953125,1.58349609375,16.6015625,True,0.3353092767686909,0.3840622901916504,True,,,False
3820,1.66015625,1.642578125,1.6513671875,17.578125,True,0.3550360740070247,0.3909645080566406,True,,,False
3821,1.52734375,1.5185546875,1.52294921875,8.7890625,True,0.1775114596115774,0.3817005157470703,True,,,False
3822,1.6025390625,1.638671875,1.62060546875,-36.1328125,True,0.7298175469707315,0.38475561141967773,True,,,False
3823,1.5615234375,1.5205078125,1.541015625,41.015625,True,0.828437967599538,0.38347315788269043,True,,,False
3824,1.572265625,1.5927734375,1.58251953125,-20.5078125,True,0.414220296753205,0.3897993564605713,True,,,False
3825,1.5966796875,1.62109375,1.60888671875,-24.4140625,True,0.49309916524204495,0.38868284225463867,True,,,False
3826,1.5869140625,1.5771484375,1.58203125,9.765625,True,0.19723076394953207,0.38579607009887695,True,,,False
3827,1.5087890625,1.5166015625,1.5126953125,-7.8125,True,0.1577900314264753,0.3874523639678955,True,,,False
3828,1.6103515625,1.541015625,1.57568359375,69.3359375,True,1.4004268238909598,0.3839254379272461,True,,,False
3829,1.501953125,1.4990234375,1.50048828125,2.9296875,True,0.05917164426542078,0.384244441986084,True,,,False
3830,1.490234375,1.5029296875,1.49658203125,-12.6953125,True,0.2564103748667137,0.3915865421295166,True,,,False
3831,1.57421875,1.5673828125,1.57080078125,6.8359375,True,0.13806725696110628,0.3853917121887207,True,,,False
3832,1.5029296875,1.583984375,1.54345703125,-81.0546875,True,1.6371545437308312,0.3826110363006592,True,,,False
3833,1.5888671875,1.572265625,1.58056640625,16.6015625,True,0.3352938464099847,0.3841378688812256,True,,,False
3834,1.58984375,1.580078125,1.5849609375,9.765625,True,0.19723912132407836,0.3943929672241211,True,,,False
3835,1.58203125,1.5361328125,1.55908203125,45.8984375,True,0.9270508847818594,0.3847525119781494,True,,,False
3836,1.576171875,1.5283203125,1.55224609375,47.8515625,True,0.9664573352720507,0.38405442237854004,True,,,False
3837,1.5224609375,1.5185546875,1.5205078125,3.90625,True,0.07889976223796165,0.3925912380218506,True,,,False
3838,1.5205078125,1.515625,1.51806640625,4.8828125,True,0.09862347453503813,0.38488173484802246,True,,,False
3839,1.6083984375,1.599609375,1.60400390625,8.7890625,True,0.1775116378717873,0.3853304386138916,True,,,False
3840,1.6240234375,1.6552734375,1.6396484375,-31.25,True,0.6312161559499082,0.3944883346557617,True,,,False
3841,1.5419921875,1.5068359375,1.5244140625,35.15625,True,0.7100667106278329,0.3876051902770996,True,,,False
3842,1.6064453125,1.609375,1.60791015625,-2.9296875,True,0.05917209396518939,0.3842661380767822,True,,,False
3843,1.6015625,1.6103515625,1.60595703125,-8.7890625,True,0.1775261702458796,0.38518524169921875,True,,,False
3844,1.5029296875,1.5322265625,1.517578125,-29.296875,True,0.5917232238103267,0.396045446395874,True,,,False
3845,1.4853515625,1.48828125,1.48681640625,-2.9296875,True,0.059174465632556454,0.38501906394958496,True,,,False
3846,1.505859375,1.544921875,1.525390625,-39.0625,True,0.789030130339874,0.3853023052215576,True,,,False
3847,1.60546875,1.591796875,1.5986328125,13.671875,True,0.27614575755624626,0.39641499519348145,True,,,False
3848,1.595703125,1.625,1.6103515625,-29.296875,True,0.5917254204223187,0.38454103469848633,True,,,False
3849,1.55859375,1.5751953125,1.56689453125,-16.6015625,True,0.3353232700899283,0.3850722312927246,True,,,False
3850,1.61328125,1.5712890625,1.59228515625,41.9921875,True,0.8481484314811673,0.38428783416748047,True,,,False
3851,1.568359375,1.5625,1.5654296875,5.859375,True,0.11833280868359788,0.3957219123840332,True,,,False
3852,1.517578125,1.517578125,1.517578125,0.0,True,0.0,0.3839893341064453,True,,,False
3853,1.5166015625,1.5244140625,1.5205078125,-7.8125,True,0.1577952551983995,0.3870859146118164,True,,,False
3854,1.5205078125,1.5341796875,1.52734375,-13.671875,True,0.27613239904698045,0.3965623378753662,True,,,False
3855,1.5439453125,1.56640625,1.55517578125,-22.4609375,True,0.45365135299717485,0.38527464866638184,True,,,False
3856,1.5341796875,1.5361328125,1.53515625,-1.953125,True,0.03944769864586219,0.3833029270172119,True,,,False
3857,1.5732421875,1.5478515625,1.560546875,25.390625,True,0.5127948148686775,0.39139604568481445,True,,,False
3858,1.5693359375,1.54296875,1.55615234375,26.3671875,True,0.5325868605703118,0.3858530521392822,True,,,False
3859,1.5419921875,1.54296875,1.54248046875,-0.9765625,True,0.01972466436638157,0.38321876525878906,True,,,False
3860,1.48046875,1.501953125,1.4912109375,-21.484375,True,0.43397122106590286,0.38497495651245117,True,,,False
3861,1.572265625,1.5224609375,1.54736328125,49.8046875,True,1.0059108089216093,0.40039706230163574,True,,,False
3862,1.513671875,1.515625,1.5146484375,-1.953125,True,0.03945067109355695,0.3836243152618408,True,,,False
3863,1.52734375,1.5283203125,1.52783203125,-0.9765625,True,0.019723127026050134,0.38970494270324707,True,,,False
3864,1.6015625,1.564453125,1.5830078125,37.109375,True,0.7495595607529538,0.4000406265258789,True,,,False
3865,1.541015625,1.5322265625,1.53662109375,8.7890625,True,0.17752405071588903,0.3854539394378662,True,,,False
3866,1.5791015625,1.576171875,1.57763671875,2.9296875,True,0.0591754457737539,0.38585472106933594,True,,,False
3867,1.5078125,1.546875,1.52734375,-39.0625,True,0.7889785322178454,0.3916025161743164,True,,,False
3868,1.494140625,1.4892578125,1.49169921875,4.8828125,True,0.09862193828115881,0.3855266571044922,True,,,False
3869,1.560546875,1.5615234375,1.56103515625,-0.9765625,True,0.01972477336708312,0.386157751083374,True,,,False
3870,1.544921875,1.5107421875,1.52783203125,34.1796875,True,0.690311768060371,0.3858494758605957,True,,,False
3871,1.6083984375,1.5693359375,1.5888671875,39.0625,True,0.788920563701874,0.39223742485046387,True,,,False
3872,1.60546875,1.583984375,1.5947265625,21.484375,True,0.4339146445283278,0.3690519332885742,True,,,False
3873,1.5751953125,1.5595703125,1.5673828125,15.625,True,0.31559099622047465,0.3843960762023926,True,,,False
3874,1.5966796875,1.595703125,1.59619140625,0.9765625,True,0.01972470908942979,0.3969290256500244,True,,,False
3875,1.505859375,1.51171875,1.5087890625,-5.859375,True,0.11834306397801397,0.49025726318359375,True,,,False
3876,1.5458984375,1.57421875,1.56005859375,-28.3203125,True,0.5719956020144689,0.39407777786254883,True,,,False
3877,1.580078125,1.5810546875,1.58056640625,-0.9765625,True,0.01972390735482101,0.39076972007751465,True,,,False
3878,1.580078125,1.6044921875,1.59228515625,-24.4140625,True,0.49310059495050673,0.3901536464691162,True,,,False
3879,1.6357421875,1.60546875,1.62060546875,30.2734375,True,0.6114574601214954,0.3861863613128662,True,,,False
3880,1.580078125,1.5654296875,1.57275390625,14.6484375,True,0.29586662281236115,0.38627028465270996,True,,,False
3881,1.591796875,1.5439453125,1.56787109375,47.8515625,True,0.9664026892323677,0.3910024166107178,True,,,False
3882,1.53125,1.537109375,1.5341796875,-5.859375,True,0.11834477038603726,0.38631534576416016,True,,,False
3883,1.591796875,1.5595703125,1.57568359375,32.2265625,True,0.6508764809109829,0.3855581283569336,True,,,False
3884,1.5419921875,1.5537109375,1.5478515625,-11.71875,True,0.2366958703826146,0.39173197746276855,True,,,False
3885,1.5107421875,1.5556640625,1.533203125,-44.921875,True,0.9072956712034183,0.3905489444732666,True,,,False
3886,1.6259765625,1.6220703125,1.6240234375,3.90625,True,0.07889190099190267,0.40018129348754883,True,,,False
3887,1.603515625,1.623046875,1.61328125,-19.53125,True,0.39449252677370467,0.4029257297515869,True,,,False
3888,1.57421875,1.5634765625,1.56884765625,10.7421875,True,0.2169658052649112,0.39360833168029785,True,,,False
3889,1.6357421875,1.6259765625,1.630859375,9.765625,True,0.19724776804789462,0.3844921588897705,True,,,False
3890,1.5576171875,1.5517578125,1.5546875,5.859375,True,0.11835126358951308,0.3830420970916748,True,,,False
3891,1.6201171875,1.6083984375,1.6142578125,11.71875,True,0.23670088178904547,0.3952486515045166,True,,,False
3892,1.580078125,1.583984375,1.58203125,-3.90625,True,0.07889479136016614,0.38382816314697266,True,,,False
3893,1.5126953125,1.5087890625,1.5107421875,3.90625,True,0.07889205694824729,0.382889986038208,True,,,False
3894,1.5390625,1.630859375,1.5849609375,-91.796875,True,1.8539343857560082,0.3977365493774414,True,,,False
3895,1.53515625,1.548828125,1.5419921875,-13.671875,True,0.2761410343574176,0.38327503204345703,True,,,False
3896,1.646484375,1.6640625,1.6552734375,-17.578125,True,0.3550163495127872,0.3839857578277588,True,,,False
3897,1.5439453125,1.5244140625,1.5341796875,19.53125,True,0.3944906121762907,0.38357090950012207,True,,,False
3898,1.5302734375,1.5634765625,1.546875,-33.203125,True,0.6706377667938913,0.3944270610809326,True,,,False
3899,1.525390625,1.501953125,1.513671875,23.4375,True,0.4733617251390953,0.38528919219970703,True,,,False
3900,1.541015625,1.533203125,1.537109375,7.8125,True,0.15779861999632835,0.38213682174682617,True,,,False
3901,1.5439453125,1.5654296875,1.5546875,-21.484375,True,0.43392325370959056,0.5475554466247559,True,,,False
3902,1.630859375,1.5869140625,1.60888671875,43.9453125,True,0.8876263367846776,0.38311076164245605,True,,,False
3903,1.5390625,1.537109375,1.5380859375,1.953125,True,0.03944748172700054,0.38465070724487305,True,,,False
3904,1.4853515625,1.4853515625,1.4853515625,0.0,True,0.0,0.40015625953674316,True,,,False
3905,1.60546875,1.607421875,1.6064453125,-1.953125,True,0.0394485896180462,0.3849070072174072,True,,,False
3906,1.5908203125,1.634765625,1.61279296875,-43.9453125,True,0.8875303587773304,0.38176727294921875,True,,,False
3907,1.57421875,1.5517578125,1.56298828125,22.4609375,True,0.4536637974866455,0.39197778701782227,True,,,False
3908,1.5751953125,1.609375,1.59228515625,-34.1796875,True,0.690347808301633,0.38458728790283203,True,,,False
3909,1.5478515625,1.56640625,1.55712890625,-18.5546875,True,0.3747587998678325,0.38250279426574707,True,,,False
3910,1.5966796875,1.587890625,1.59228515625,8.7890625,True,0.1775151176946082,0.3832218647003174,True,,,False
3911,1.56640625,1.5673828125,1.56689453125,-0.9765625,True,0.019724595392339193,0.38896799087524414,True,,,False
3912,1.5859375,1.572265625,1.5791015625,13.671875,True,0.27615388105708033,0.38283777236938477,True,,,False
3913,1.4580078125,1.4853515625,1.4716796875,-27.34375,True,0.552282783470092,0.3828408718109131,True,,,False
3914,1.48046875,1.490234375,1.4853515625,-9.765625,True,0.1972347938406958,0.3895080089569092,True,,,False
3915,1.5263671875,1.54296875,1.53466796875,-16.6015625,True,0.33530390114076736,0.3863205909729004,True,,,False
3916,1.595703125,1.55859375,1.5771484375,37.109375,True,0.749478787765192,0.38439345359802246,True,,,False
3917,1.5537109375,1.5322265625,1.54296875,21.484375,True,0.4339290749813299,0.3896670341491699,True,,,False
3918,1.490234375,1.5,1.4951171875,-9.765625,True,0.19724432542100423,0.3837437629699707,True,,,False
3919,1.505859375,1.501953125,1.50390625,3.90625,True,0.07889337460683839,0.3832855224609375,True,,,False
3920,1.568359375,1.580078125,1.57421875,-11.71875,True,0.2366858027541967,0.38254833221435547,True,,,False
3921,1.53125,1.53515625,1.533203125,-3.90625,True,0.07889313341407335,0.39658665657043457,True,,,False
3922,1.5087890625,1.46484375,1.48681640625,43.9453125,True,0.8875370200836608,0.3820304870605469,True,,,False
3923,1.615234375,1.583984375,1.599609375,31.25,True,0.6311420139649029,0.38474059104919434,True,,,False
3924,1.53125,1.51953125,1.525390625,11.71875,True,0.23669304506424851,0.38457369804382324,True,,,False
3925,1.578125,1.568359375,1.5732421875,9.765625,True,0.19724438539398018,0.3881824016571045,True,,,False
3926,1.599609375,1.6083984375,1.60400390625,-8.7890625,True,0.17752401657053396,0.38344860076904297,True,,,False
3927,1.5244140625,1.4755859375,1.5,48.828125,True,0.9862057907736128,0.38273096084594727,True,,,False
3928,1.5400390625,1.57421875,1.55712890625,-34.1796875,True,0.6903536192436935,0.3931608200073242,True,,,False
3929,1.5185546875,1.552734375,1.53564453125,-34.1796875,True,0.6903732639310309,0.38965415954589844,True,,,False
3930,1.607421875,1.595703125,1.6015625,11.71875,True,0.23668449308125403,0.38312745094299316,True,,,False
3931,1.689453125,1.6630859375,1.67626953125,26.3671875,True,0.5325337221554253,0.3916652202606201,True,,,False
3932,1.5419921875,1.5380859375,1.5400390625,3.90625,True,0.07889587227851577,0.3817117214202881,True,,,False
3933,1.6025390625,1.6005859375,1.6015625,1.953125,True,0.03944683837803947,0.38439130783081055,True,,,False
3934,1.5185546875,1.53515625,1.52685546875,-16.6015625,True,0.33530695466646554,0.3872110843658447,True,,,False
3935,1.560546875,1.5361328125,1.54833984375,24.4140625,True,0.4930993146563244,0.3937714099884033,True,,,False
3936,1.572265625,1.5322265625,1.55224609375,40.0390625,True,0.8086499315785701,0.3834216594696045,True,,,False
3937,1.5068359375,1.5126953125,1.509765625,-5.859375,True,0.1183403419487757,0.38452887535095215,True,,,False
3938,1.4912109375,1.5048828125,1.498046875,-13.671875,True,0.2761450729927893,0.38867640495300293,True,,,False
3939,1.5126953125,1.451171875,1.48193359375,61.5234375,True,1.242527900862876,0.3897881507873535,True,,,False
3940,1.564453125,1.6123046875,1.58837890625,-47.8515625,True,0.9665242159285325,0.38132476806640625,True,,,False
3941,1.490234375,1.5419921875,1.51611328125,-51.7578125,True,1.0453490690314569,0.3839850425720215,True,,,False
3942,1.5029296875,1.4716796875,1.4873046875,31.25,True,0.6312151502253985,0.39453625679016113,True,,,False
3943,1.5703125,1.576171875,1.5732421875,-5.859375,True,0.1183472397439925,0.38366127014160156,True,,,False
3944,1.564453125,1.572265625,1.568359375,-7.8125,True,0.15778834658052293,0.382796049118042,True,,,False
3945,1.5654296875,1.55078125,1.55810546875,14.6484375,True,0.2958693562824369,0.39576125144958496,True,,,False
3946,1.5,1.494140625,1.4970703125,5.859375,True,0.11835419243761347,0.3803744316101074,True,,,False
3947,1.6201171875,1.5244140625,1.572265625,95.703125,True,1.9329938345313509,0.38374972343444824,True,,,False
3948,1.5185546875,1.5087890625,1.513671875,9.765625,True,0.19724121352988996,0.3891119956970215,True,,,False
3949,1.560546875,1.5556640625,1.55810546875,4.8828125,True,0.09861988478405159,0.3832216262817383,True,,,False
3950,1.5673828125,1.546875,1.55712890625,20.5078125,True,0.4141876927109299,0.38319921493530273,True,,,False
3951,1.521484375,1.52734375,1.5244140625,-5.859375,True,0.11834189105371341,0.38921451568603516,True,,,False
3952,1.5537109375,1.53125,1.54248046875,22.4609375,True,0.4536602523389591,0.40097737312316895,True,,,False
3953,1.583984375,1.55078125,1.5673828125,33.203125,True,0.6706990470648135,0.3840939998626709,True,,,False
3954,1.5556640625,1.5908203125,1.5732421875,-35.15625,True,0.7100556589807774,0.38332366943359375,True,,,False
3955,1.62109375,1.5908203125,1.60595703125,30.2734375,True,0.6114706426280715,0.38718700408935547,True,,,False
3956,1.60546875,1.525390625,1.5654296875,80.078125,True,1.6174182017814749,0.38165974617004395,True,,,False
3957,1.4697265625,1.4638671875,1.466796875,5.859375,True,0.11834353074067158,0.3846466541290283,True,,,False
3958,1.5146484375,1.544921875,1.52978515625,-30.2734375,True,0.6114249309828217,0.38668107986450195,True,,,False
3959,1.6015625,1.6181640625,1.60986328125,-16.6015625,True,0.335302768593577,0.3947412967681885,True,,,False
3960,1.587890625,1.580078125,1.583984375,7.8125,True,0.1577937900968932,0.38396596908569336,True,,,False
3961,1.587890625,1.595703125,1.591796875,-7.8125,True,0.15779747927422305,0.3837089538574219,True,,,False
3962,1.529296875,1.5322265625,1.53076171875,-2.9296875,True,0.05917014671896619,0.39544081687927246,True,,,False
3963,1.5166015625,1.4892578125,1.5029296875,27.34375,True,0.5522585542941707,0.38287806510925293,True,,,False
3964,1.505859375,1.5009765625,1.50341796875,4.8828125,True,0.0986196031627632,0.3841421604156494,True,,,False
3965,1.5888671875,1.5927734375,1.5908203125,-3.90625,True,0.07889780173778695,0.4683520793914795,True,,,False
3966,1.572265625,1.5341796875,1.55322265625,38.0859375,True,0.7693095464818013,0.41164326667785645,True,,,False
3967,1.5849609375,1.5771484375,1.5810546875,7.8125,True,0.1577953879488029,0.38303303718566895,True,,,False
3968,1.5869140625,1.57421875,1.58056640625,12.6953125,True,0.2563958152901028,0.38419175148010254,True,,,False
3969,1.525390625,1.5185546875,1.52197265625,6.8359375,True,0.13806420934680738,0.3962862491607666,True,,,False
3970,1.583984375,1.5888671875,1.58642578125,-4.8828125,True,0.09861719032261095,0.3875095844268799,True,,,False
3971,1.548828125,1.59765625,1.5732421875,-48.828125,True,0.9861714750521754,0.3890070915222168,True,,,False
3972,1.5537109375,1.5458984375,1.5498046875,7.8125,True,0.15778540269115832,0.40755534172058105,True,,,False
3973,1.578125,1.6025390625,1.59033203125,-24.4140625,True,0.4930952659859647,0.3889760971069336,True,,,False
3974,1.5166015625,1.529296875,1.52294921875,-12.6953125,True,0.25640243564761656,0.3834812641143799,True,,,False
3975,1.57421875,1.55859375,1.56640625,15.625,True,0.315576455933095,0.38310766220092773,True,,,False
3976,1.505859375,1.5224609375,1.51416015625,-16.6015625,True,0.33529892857065496,0.39388036727905273,True,,,False
3977,1.513671875,1.580078125,1.546875,-66.40625,True,1.3411681153381643,0.38611292839050293,True,,,False
3978,1.55859375,1.5908203125,1.57470703125,-32.2265625,True,0.6509458273739207,0.3854813575744629,True,,,False
3979,1.544921875,1.525390625,1.53515625,19.53125,True,0.394494750403353,0.38631319999694824,True,,,False
3980,1.49609375,1.484375,1.490234375,11.71875,True,0.23670892736158683,0.38469648361206055,True,,,False
3981,1.525390625,1.5615234375,1.54345703125,-36.1328125,True,0.729826112161513,0.3866751194000244,True,,,False
3982,1.6240234375,1.6240234375,1.6240234375,0.0,True,0.0,0.39160752296447754,True,,,False
3983,1.49609375,1.50390625,1.5,-7.8125,True,0.15779726199629973,0.3889889717102051,True,,,False
3984,1.634765625,1.6494140625,1.64208984375,-14.6484375,True,0.29585991456842936,0.38684964179992676,True,,,False
3985,1.59375,1.578125,1.5859375,15.625,True,0.31558435552342057,0.3841707706451416,True,,,False
3986,1.5498046875,1.5107421875,1.5302734375,39.0625,True,0.7890073877197219,0.39748549461364746,True,,,False
3987,1.6015625,1.5966796875,1.59912109375,4.8828125,True,0.0986202299877634,0.3902604579925537,True,,,False
3988,1.564453125,1.58203125,1.5732421875,-17.578125,True,0.3550114681188869,0.38801145553588867,True,,,False
3989,1.611328125,1.5595703125,1.58544921875,51.7578125,True,1.0453138545589549,0.39766407012939453,True,,,False
3990,1.548828125,1.51953125,1.5341796875,29.296875,True,0.5917502798361199,0.38350701332092285,True,,,False
3991,1.5673828125,1.599609375,1.58349609375,-32.2265625,True,0.6508883810451033,0.3887155055999756,True,,,False
3992,1.6103515625,1.5625,1.58642578125,47.8515625,True,0.9664968092625204,0.38887524604797363,True,,,False
3993,1.44140625,1.3876953125,1.41455078125,53.7109375,True,1.0848028739643478,0.36852049827575684,True,,,False
3994,1.513671875,1.5146484375,1.51416015625,-0.9765625,True,0.019724663288254164,0.3841102123260498,True,,,False
3995,1.58203125,1.5703125,1.576171875,11.71875,True,0.23669092235225153,0.3856086730957031,True,,,False
3996,1.52734375,1.5087890625,1.51806640625,18.5546875,True,0.3747284536536408,0.3924572467803955,True,,,False
3997,1.5751953125,1.5517578125,1.5634765625,23.4375,True,0.47338621593358854,0.3855466842651367,True,,,False
3998,1.53515625,1.525390625,1.5302734375,9.765625,True,0.19725031616641506,0.3848261833190918,True,,,False
3999,1.5029296875,1.5107421875,1.5068359375,-7.8125,True,0.15778788985229383,0.39192867279052734,True,,,False
4000,1.5556640625,1.580078125,1.56787109375,-24.4140625,True,0.49308162866789385,1.5843276977539062,True,1.5508292776639345,0.36416861826697894,False
4001,1.6171875,1.5537109375,1.58544921875,63.4765625,True,1.2821147317489976,0.7064409255981445,True,,,False
4002,1.615234375,1.556640625,1.5859375,58.59375,True,1.183480602231601,0.3979072570800781,True,,,False
4003,1.6015625,1.5615234375,1.58154296875,40.0390625,True,0.8086967579795584,0.38831233978271484,True,,,False
4004,1.546875,1.533203125,1.5400390625,13.671875,True,0.2761222341115917,0.3850889205932617,True,,,False
4005,1.578125,1.63671875,1.607421875,-58.59375,True,1.1835521233793604,0.38436365127563477,True,,,False
4006,1.521484375,1.509765625,1.515625,11.71875,True,0.23669202164784647,0.3891291618347168,True,,,False
4007,1.623046875,1.6494140625,1.63623046875,-26.3671875,True,0.5325792589155869,0.3846597671508789,True,,,False
4008,1.5703125,1.5107421875,1.54052734375,59.5703125,True,1.2031191624660358,0.384335994720459,True,,,False
4009,1.5966796875,1.583984375,1.59033203125,12.6953125,True,0.25642913727975003,0.40558838844299316,True,,,False
4010,1.537109375,1.57421875,1.5556640625,-37.109375,True,0.7494818985326841,0.38716936111450195,True,,,False
4011,1.533203125,1.564453125,1.548828125,-31.25,True,0.6312015588213847,0.3841991424560547,True,,,False
4012,1.544921875,1.5673828125,1.55615234375,-22.4609375,True,0.45366007398115665,0.39066267013549805,True,,,False
4013,1.5126953125,1.4697265625,1.4912109375,42.96875,True,0.8678865937072834,0.391338586807251,True,,,False
4014,1.62109375,1.6005859375,1.61083984375,20.5078125,True,0.4142145698017686,0.3893873691558838,True,,,False
4015,1.615234375,1.6337890625,1.62451171875,-18.5546875,True,0.3747294410117717,0.3848536014556885,True,,,False
4016,1.5947265625,1.626953125,1.61083984375,-32.2265625,True,0.6508816977733275,0.4010462760925293,True,,,False
4017,1.537109375,1.5458984375,1.54150390625,-8.7890625,True,0.17751492048066947,0.38440561294555664,True,,,False
4018,1.671875,1.6240234375,1.64794921875,47.8515625,True,0.9664861652144344,0.38529253005981445,True,,,False
4019,1.5859375,1.6044921875,1.59521484375,-18.5546875,True,0.37476508757484545,0.3970768451690674,True,,,False
4020,1.5771484375,1.650390625,1.61376953125,-73.2421875,True,1.4793375420405324,0.3859388828277588,True,,,False
4021,1.49609375,1.5263671875,1.51123046875,-30.2734375,True,0.6114757459865242,0.3829491138458252,True,,,False
4022,1.53515625,1.5478515625,1.54150390625,-12.6953125,True,0.2564001390778063,0.38457798957824707,True,,,False
4023,1.564453125,1.5625,1.5634765625,1.953125,True,0.03944846859489683,0.391664981842041,True,,,False
4024,1.578125,1.5947265625,1.58642578125,-16.6015625,True,0.3353350431956826,0.3851644992828369,True,,,False
4025,1.5986328125,1.6015625,1.60009765625,-2.9296875,True,0.059171034982730276,0.385608434677124,True,,,False
4026,1.4931640625,1.4716796875,1.482421875,21.484375,True,0.4339241255147709,0.3903236389160156,True,,,False
4027,1.5439453125,1.6044921875,1.57421875,-60.546875,True,1.2228587002043905,0.3829655647277832,True,,,False
4028,1.6181640625,1.5927734375,1.60546875,25.390625,True,0.5128619454050681,0.3846096992492676,True,,,False
4029,1.55859375,1.556640625,1.5576171875,1.953125,True,0.03944882419544066,0.39153432846069336,True,,,False
4030,1.578125,1.5498046875,1.56396484375,28.3203125,True,0.5720469636477702,0.38545870780944824,True,,,False
4031,1.53515625,1.5439453125,1.53955078125,-8.7890625,True,0.17751927139168683,0.3837594985961914,True,,,False
4032,1.5107421875,1.5458984375,1.5283203125,-35.15625,True,0.7100868933677748,0.385514497756958,True,,,False
4033,1.5478515625,1.52734375,1.53759765625,20.5078125,True,0.41419830748625885,0.39985108375549316,True,,,False
4034,1.556640625,1.54296875,1.5498046875,13.671875,True,0.27613109141517694,0.38582873344421387,True,,,False
4035,1.5517578125,1.546875,1.54931640625,4.8828125,True,0.09861722042874967,0.3843050003051758,True,,,False
4036,1.5986328125,1.599609375,1.59912109375,-0.9765625,True,0.01972424717601941,0.39682722091674805,True,,,False
4037,1.505859375,1.5205078125,1.51318359375,-14.6484375,True,0.2958729724052801,0.3838381767272949,True,,,False
4038,1.5654296875,1.591796875,1.57861328125,-26.3671875,True,0.5325302828519639,0.38314199447631836,True,,,False
4039,1.5888671875,1.6005859375,1.5947265625,-11.71875,True,0.23667613942036717,0.391010046005249,True,,,False
4040,1.5810546875,1.59765625,1.58935546875,-16.6015625,True,0.3353221525923843,0.38538360595703125,True,,,False
4041,1.6220703125,1.609375,1.61572265625,12.6953125,True,0.2564205742215282,0.38213157653808594,True,,,False
4042,1.556640625,1.5439453125,1.55029296875,12.6953125,True,0.2564123001770756,0.38426971435546875,True,,,False
4043,1.59765625,1.5771484375,1.58740234375,20.5078125,True,0.414200236904335,0.3961164951324463,True,,,False
4044,1.6015625,1.619140625,1.6103515625,-17.578125,True,0.35502166757582027,0.38573551177978516,True,,,False
4045,1.5654296875,1.537109375,1.55126953125,28.3203125,True,0.5719891093937248,0.38520264625549316,True,,,False
4046,1.6015625,1.6103515625,1.60595703125,-8.7890625,True,0.17750553760863408,0.4932577610015869,True,,,False
4047,1.568359375,1.5458984375,1.55712890625,22.4609375,True,0.45366696971130527,0.3901989459991455,True,,,False
4048,1.4970703125,1.5048828125,1.5009765625,-7.8125,True,0.15779099701986646,0.38581395149230957,True,,,False
4049,1.50390625,1.5498046875,1.52685546875,-45.8984375,True,0.9270777684549888,0.3935818672180176,True,,,False
4050,1.517578125,1.5009765625,1.50927734375,16.6015625,True,0.3353056164639022,0.3898296356201172,True,,,False
4051,1.58203125,1.55078125,1.56640625,31.25,True,0.6311917572100865,0.38735055923461914,True,,,False
4052,1.55078125,1.5712890625,1.56103515625,-20.5078125,True,0.41421879306172316,0.3847053050994873,True,,,False
4053,1.564453125,1.5654296875,1.56494140625,-0.9765625,True,0.019724681143819672,0.39486026763916016,True,,,False
4054,1.599609375,1.58984375,1.5947265625,9.765625,True,0.1972436297900338,0.3885335922241211,True,,,False
4055,1.5419921875,1.5419921875,1.5419921875,0.0,True,0.0,0.38433003425598145,True,,,False
4056,1.5068359375,1.548828125,1.52783203125,-41.9921875,True,0.8481615172726794,0.39168691635131836,True,,,False
4057,1.5810546875,1.541015625,1.56103515625,40.0390625,True,0.8086953215793558,0.38396334648132324,True,,,False
4058,1.5458984375,1.546875,1.54638671875,-0.9765625,True,0.019724698466955487,0.3847508430480957,True,,,False
4059,1.5634765625,1.5546875,1.55908203125,8.7890625,True,0.1775096580676885,0.3992757797241211,True,,,False
4060,1.62890625,1.642578125,1.6357421875,-13.671875,True,0.27613760242173885,0.38823866844177246,True,,,False
4061,1.6435546875,1.576171875,1.60986328125,67.3828125,True,1.3610421326978974,0.3856828212738037,True,,,False
4062,1.55078125,1.6455078125,1.59814453125,-94.7265625,True,1.9132073261130442,0.3858027458190918,True,,,False
4063,1.55078125,1.55078125,1.55078125,0.0,True,0.0,0.3950529098510742,True,,,False
4064,1.572265625,1.5927734375,1.58251953125,-20.5078125,True,0.41418918086234585,0.383176326751709,True,,,False
4065,1.541015625,1.5380859375,1.53955078125,2.9296875,True,0.05917102452655322,0.38537073135375977,True,,,False
4066,1.5419921875,1.544921875,1.54345703125,-2.9296875,True,0.059172524109913735,0.3928415775299072,True,,,False
4067,1.4716796875,1.5107421875,1.4912109375,-39.0625,True,0.7889872265302321,0.38405871391296387,True,,,False
4068,1.5185546875,1.541015625,1.52978515625,-22.4609375,True,0.45365791591901944,0.385791540145874,True,,,False
4069,1.591796875,1.5654296875,1.57861328125,26.3671875,True,0.5325424049451715,0.39234209060668945,True,,,False
4070,1.5615234375,1.6044921875,1.5830078125,-42.96875,True,0.8678346005538105,0.3846852779388428,True,,,False
4071,1.548828125,1.55078125,1.5498046875,-1.953125,True,0.03944883622366453,0.38316917419433594,True,,,False
4072,1.6298828125,1.63671875,1.63330078125,-6.8359375,True,0.13807079796537622,0.38466930389404297,True,,,False
4073,1.59375,1.552734375,1.5732421875,41.015625,True,0.8284811613148797,0.39384984970092773,True,,,False
4074,1.529296875,1.5390625,1.5341796875,-9.765625,True,0.19723378740981914,0.38603901863098145,True,,,False
4075,1.5205078125,1.52734375,1.52392578125,-6.8359375,True,0.1380663045010959,0.38465285301208496,True,,,False
4076,1.6279296875,1.6259765625,1.626953125,1.953125,True,0.039448996943380735,0.3917810916900635,True,,,False
4077,1.505859375,1.482421875,1.494140625,23.4375,True,0.4733673505267628,0.3840024471282959,True,,,False
4078,1.62890625,1.58203125,1.60546875,46.875,True,0.9467684382792347,0.39093518257141113,True,,,False
4079,1.44921875,1.474609375,1.4619140625,-25.390625,True,0.5127997164825704,0.3821449279785156,True,,,False
4080,1.576171875,1.5234375,1.5498046875,52.734375,True,1.0651268610294815,0.39218831062316895,True,,,False
4081,1.5869140625,1.564453125,1.57568359375,22.4609375,True,0.45365390889010876,0.38341760635375977,True,,,False
4082,1.5810546875,1.564453125,1.57275390625,16.6015625,True,0.33530597278269275,0.38539719581604004,True,,,False
4083,1.5263671875,1.505859375,1.51611328125,20.5078125,True,0.4142035303248154,0.390167236328125,True,,,False
4084,1.54296875,1.5,1.521484375,42.96875,True,0.867858575177292,0.381746768951416,True,,,False
4085,1.5888671875,1.6357421875,1.6123046875,-46.875,True,0.9467167619024976,0.38362979888916016,True,,,False
4086,1.5341796875,1.5234375,1.52880859375,10.7421875,True,0.216978974655592,0.38968849182128906,True,,,False
4087,1.5458984375,1.560546875,1.55322265625,-14.6484375,True,0.2958662554640632,0.38509631156921387,True,,,False
4088,1.556640625,1.5263671875,1.54150390625,30.2734375,True,0.6114203675523702,0.3854527473449707,True,,,False
4089,1.5263671875,1.5048828125,1.515625,21.484375,True,0.43392652952624733,0.3933420181274414,True,,,False
4090,1.546875,1.552734375,1.5498046875,-5.859375,True,0.11834919789229383,0.3875257968902588,True,,,False
4091,1.6064453125,1.595703125,1.60107421875,10.7421875,True,0.21696739416237815,0.3847012519836426,True,,,False
4092,1.5380859375,1.5400390625,1.5390625,-1.953125,True,0.03944988270516568,0.3853116035461426,True,,,False
4093,1.560546875,1.580078125,1.5703125,-19.53125,True,0.39448957730496065,0.3906896114349365,True,,,False
4094,1.5341796875,1.537109375,1.53564453125,-2.9296875,True,0.05917486909754178,0.38279294967651367,True,,,False
4095,1.5712890625,1.59375,1.58251953125,-22.4609375,True,0.4536345750145034,0.3851137161254883,True,,,False
4096,1.529296875,1.5859375,1.5576171875,-56.640625,True,1.144079709276264,0.38452625274658203,True,,,False
4097,1.642578125,1.64453125,1.6435546875,-1.953125,True,0.039447879233721395,0.3896188735961914,True,,,False
4098,1.5087890625,1.5048828125,1.5068359375,3.90625,True,0.07890033368708273,0.384310245513916,True,,,False
4099,1.5263671875,1.5126953125,1.51953125,13.671875,True,0.27613394584936013,0.3854529857635498,True,,,False
4100,1.48046875,1.515625,1.498046875,-35.15625,True,0.7100559166323965,0.3887650966644287,True,,,False
4101,1.5087890625,1.5029296875,1.505859375,5.859375,True,0.11834402573889714,0.543048620223999,True,,,False
4102,1.6611328125,1.61328125,1.63720703125,47.8515625,True,0.9664800655052249,0.3823392391204834,True,,,False
4103,1.4970703125,1.5390625,1.51806640625,-41.9921875,True,0.8480888850731916,0.40080833435058594,True,,,False
4104,1.58984375,1.5791015625,1.58447265625,10.7421875,True,0.21696519978823212,0.3853285312652588,True,,,False
4105,1.52734375,1.5986328125,1.56298828125,-71.2890625,True,1.4398596963426609,0.3863825798034668,True,,,False
4106,1.5625,1.5810546875,1.57177734375,-18.5546875,True,0.37476255916999046,0.3881831169128418,True,,,False
4107,1.6572265625,1.5966796875,1.626953125,60.546875,True,1.2228099487875892,0.3951752185821533,True,,,False
4108,1.4375,1.435546875,1.4365234375,1.953125,True,0.03944817877535355,0.3843064308166504,True,,,False
4109,1.560546875,1.6162109375,1.58837890625,-55.6640625,True,1.1242288914735434,0.38189005851745605,True,,,False
4110,1.4970703125,1.501953125,1.49951171875,-4.8828125,True,0.09861861053089853,0.39591169357299805,True,,,False
4111,1.53125,1.5283203125,1.52978515625,2.9296875,True,0.059170829679921405,0.38405394554138184,True,,,False
4112,1.5234375,1.6044921875,1.56396484375,-81.0546875,True,1.6370447898132319,0.3838188648223877,True,,,False
4113,1.521484375,1.5322265625,1.52685546875,-10.7421875,True,0.21695682968306385,0.39905858039855957,True,,,False
4114,1.89453125,1.826171875,1.8603515625,68.359375,True,1.3807341807803282,0.3668854236602783,True,,,False
4115,1.6484375,1.6064453125,1.62744140625,41.9921875,True,0.8481273588557822,0.38350772857666016,True,,,False
4116,1.6357421875,1.630859375,1.63330078125,4.8828125,True,0.09862294933201048,0.3891642093658447,True,,,False
4117,1.6279296875,1.626953125,1.62744140625,0.9765625,True,0.019723998634086755,0.3893735408782959,True,,,False
4118,1.52734375,1.5302734375,1.52880859375,-2.9296875,True,0.0591720222413708,0.382645845413208,True,,,False
4119,1.466796875,1.4892578125,1.47802734375,-22.4609375,True,0.4536379267085355,0.38455629348754883,True,,,False
4120,1.5908203125,1.5859375,1.58837890625,4.8828125,True,0.09861896789362427,0.39360904693603516,True,,,False
4121,1.482421875,1.435546875,1.458984375,46.875,True,0.9467981687073578,0.3856503963470459,True,,,False
4122,1.5029296875,1.5166015625,1.509765625,-13.671875,True,0.2761467230872422,0.382967472076416,True,,,False
4123,1.556640625,1.599609375,1.578125,-42.96875,True,0.8678586044341989,0.39247989654541016,True,,,False
4124,1.517578125,1.56640625,1.5419921875,-48.828125,True,0.9862351900587709,0.3915731906890869,True,,,False
4125,1.568359375,1.578125,1.5732421875,-9.765625,True,0.1972466621612456,0.3854861259460449,True,,,False
4126,1.57421875,1.5869140625,1.58056640625,-12.6953125,True,0.25640795422171175,0.3836655616760254,True,,,False
4127,1.5810546875,1.568359375,1.57470703125,12.6953125,True,0.2564189939408912,0.3905527591705322,True,,,False
4128,1.66796875,1.6240234375,1.64599609375,43.9453125,True,0.887575906138525,0.4809441566467285,True,,,False
4129,1.552734375,1.544921875,1.548828125,7.8125,True,0.1577957774057683,0.39321112632751465,True,,,False
4130,1.5244140625,1.5400390625,1.5322265625,-15.625,True,0.3155945595457583,0.38648152351379395,True,,,False
4131,1.5244140625,1.5048828125,1.5146484375,19.53125,True,0.3944943811603553,0.3904745578765869,True,,,False
4132,1.6162109375,1.5869140625,1.6015625,29.296875,True,0.5917043530124184,0.3823821544647217,True,,,False
4133,1.5478515625,1.5537109375,1.55078125,-5.859375,True,0.11834685641071863,0.3917078971862793,True,,,False
4134,1.544921875,1.59375,1.5693359375,-48.828125,True,0.9862695984591603,0.3981797695159912,True,,,False
4135,1.5576171875,1.6025390625,1.580078125,-44.921875,True,0.9072701947271798,0.38778042793273926,True,,,False
4136,1.541015625,1.5615234375,1.55126953125,-20.5078125,True,0.41418851238292514,0.3875398635864258,True,,,False
4137,1.53515625,1.521484375,1.5283203125,13.671875,True,0.27614636101866613,0.39388227462768555,True,,,False
4138,1.5556640625,1.615234375,1.58544921875,-59.5703125,True,1.2032006659872245,0.38121676445007324,True,,,False
4139,1.5146484375,1.498046875,1.50634765625,16.6015625,True,0.33529953996779205,0.38486170768737793,True,,,False
4140,1.564453125,1.576171875,1.5703125,-11.71875,True,0.23668520740607737,0.39035677909851074,True,,,False
4141,1.5732421875,1.5703125,1.57177734375,2.9296875,True,0.059171998988169994,0.3837718963623047,True,,,False
4142,1.52734375,1.5810546875,1.55419921875,-53.7109375,True,1.0848338370643706,0.38807249069213867,True,,,False
4143,1.654296875,1.59375,1.6240234375,60.546875,True,1.2228185177558597,0.38550519943237305,True,,,False
4144,1.5673828125,1.560546875,1.56396484375,6.8359375,True,0.1380621632514167,0.3876638412475586,True,,,False
4145,1.603515625,1.5859375,1.5947265625,17.578125,True,0.3550387188069636,0.38449978828430176,True,,,False
4146,1.5205078125,1.53515625,1.52783203125,-14.6484375,True,0.29585730557573053,0.3823423385620117,True,,,False
4147,1.517578125,1.548828125,1.533203125,-31.25,True,0.6311876197678193,0.3910539150238037,True,,,False
4148,1.552734375,1.5634765625,1.55810546875,-10.7421875,True,0.21696871126446116,0.38223695755004883,True,,,False
4149,1.6181640625,1.6220703125,1.6201171875,-3.90625,True,0.07889283804335846,0.3828291893005371,True,,,False
4150,1.6259765625,1.58984375,1.60791015625,36.1328125,True,0.7297922087624761,0.3877720832824707,True,,,False
4151,1.5712890625,1.5615234375,1.56640625,9.765625,True,0.19725145440903805,0.3889474868774414,True,,,False
4152,1.533203125,1.521484375,1.52734375,11.71875,True,0.23669802266827453,0.38250088691711426,True,,,False
4153,1.5048828125,1.509765625,1.50732421875,-4.8828125,True,0.09862436660842196,0.38653063774108887,True,,,False
4154,1.58984375,1.5771484375,1.58349609375,12.6953125,True,0.2564057026598452,0.3877601623535156,True,,,False
4155,1.6240234375,1.62109375,1.62255859375,2.9296875,True,0.05917335533760031,0.3831503391265869,True,,,False
4156,1.5751953125,1.548828125,1.56201171875,26.3671875,True,0.532544229412236,0.3823120594024658,True,,,False
4157,1.568359375,1.52734375,1.5478515625,41.015625,True,0.8284315130025182,0.3914172649383545,True,,,False
4158,1.533203125,1.541015625,1.537109375,-7.8125,True,0.1577965450010708,0.38101816177368164,True,,,False
4159,1.5537109375,1.5615234375,1.5576171875,-7.8125,True,0.15779256230593391,0.3833348751068115,True,,,False
4160,1.6064453125,1.587890625,1.59716796875,18.5546875,True,0.3747605189000246,0.38242411613464355,True,,,False
4161,1.525390625,1.5390625,1.5322265625,-13.671875,True,0.2761323095026755,0.38735127449035645,True,,,False
4162,1.5263671875,1.529296875,1.52783203125,-2.9296875,True,0.05917190991515376,0.38302016258239746,True,,,False
4163,1.546875,1.5712890625,1.55908203125,-24.4140625,True,0.4931026706073646,0.3829514980316162,True,,,False
4164,1.5087890625,1.517578125,1.51318359375,-8.7890625,True,0.17751931029190277,0.3871333599090576,True,,,False
4165,1.59375,1.6298828125,1.61181640625,-36.1328125,True,0.7297761879467526,0.3823425769805908,True,,,False
4166,1.5791015625,1.5927734375,1.5859375,-13.671875,True,0.27612260734223926,0.3814551830291748,True,,,False
4167,1.556640625,1.5576171875,1.55712890625,-0.9765625,True,0.019724168620270443,0.3905930519104004,True,,,False
4168,1.576171875,1.5498046875,1.56298828125,26.3671875,True,0.5325608767091567,0.3896176815032959,True,,,False
4169,1.546875,1.544921875,1.5458984375,1.953125,True,0.0394469676102074,0.3838632106781006,True,,,False
4170,1.4775390625,1.5302734375,1.50390625,-52.734375,True,1.065072689735949,0.3830735683441162,True,,,False
4171,1.4697265625,1.5107421875,1.490234375,-41.015625,True,0.8283975844104935,0.39526987075805664,True,,,False
4172,1.556640625,1.5712890625,1.56396484375,-14.6484375,True,0.29586781533683565,0.3832054138183594,True,,,False
4173,1.58203125,1.6298828125,1.60595703125,-47.8515625,True,0.9664929958779735,0.3833329677581787,True,,,False
4174,1.568359375,1.548828125,1.55859375,19.53125,True,0.3944913518749708,0.3845231533050537,True,,,False
4175,1.5888671875,1.580078125,1.58447265625,8.7890625,True,0.1775200653026053,0.3805539608001709,True,,,False
4176,1.568359375,1.5712890625,1.56982421875,-2.9296875,True,0.05917270798367924,0.38106656074523926,True,,,False
4177,1.5419921875,1.5341796875,1.5380859375,7.8125,True,0.15779273909772293,0.38965821266174316,True,,,False
4178,1.50390625,1.4931640625,1.49853515625,10.7421875,True,0.2169699565102669,0.3831045627593994,True,,,False
4179,1.6826171875,1.6259765625,1.654296875,56.640625,True,1.14406044378201,0.38248419761657715,True,,,False
4180,1.572265625,1.576171875,1.57421875,-3.90625,True,0.07890151383553226,0.38810157775878906,True,,,False
4181,1.525390625,1.5458984375,1.53564453125,-20.5078125,True,0.4141991351664065,0.3882262706756592,True,,,False
4182,1.4990234375,1.4921875,1.49560546875,6.8359375,True,0.1380698156631425,0.38175272941589355,True,,,False
4183,1.56640625,1.5517578125,1.55908203125,14.6484375,True,0.29585668359090656,0.3876354694366455,True,,,False
4184,1.529296875,1.55859375,1.5439453125,-29.296875,True,0.5916977197058492,0.391589879989624,True,,,False
4185,1.5224609375,1.53515625,1.52880859375,-12.6953125,True,0.2564207111633529,0.3837153911590576,True,,,False
4186,1.6220703125,1.630859375,1.62646484375,-8.7890625,True,0.1775250111569076,0.38398313522338867,True,,,False
4187,1.50390625,1.51953125,1.51171875,-15.625,True,0.3155866804068135,0.39069604873657227,True,,,False
4188,1.5556640625,1.552734375,1.55419921875,2.9296875,True,0.0591718663252665,0.3816258907318115,True,,,False
4189,1.548828125,1.521484375,1.53515625,27.34375,True,0.5522664621523969,0.38431882858276367,True,,,False
4190,1.548828125,1.591796875,1.5703125,-42.96875,True,0.8678489531881208,0.38558053970336914,True,,,False
4191,1.5546875,1.55078125,1.552734375,3.90625,True,0.07889027510444892,0.38773393630981445,True,,,False
4192,1.6123046875,1.5634765625,1.587890625,48.828125,True,0.986169367501547,0.38142895698547363,True,,,False
4193,1.6357421875,1.611328125,1.62353515625,24.4140625,True,0.4931185020951751,0.38437581062316895,True,,,False
4194,1.5439453125,1.529296875,1.53662109375,14.6484375,True,0.29587891999714955,0.3850727081298828,True,,,False
4195,1.5751953125,1.5615234375,1.568359375,13.671875,True,0.2761403656123719,0.3823060989379883,True,,,False
4196,1.6103515625,1.5810546875,1.595703125,29.296875,True,0.5917126974565519,0.38292765617370605,True,,,False
4197,1.603515625,1.5869140625,1.59521484375,16.6015625,True,0.3353329310324845,0.39156603813171387,True,,,False
4198,1.587890625,1.611328125,1.599609375,-23.4375,True,0.47339136528318665,0.38992857933044434,True,,,False
4199,1.4873046875,1.513671875,1.50048828125,-26.3671875,True,0.5325225967461816,0.3827033042907715,True,,,False
4200,1.50390625,1.5068359375,1.50537109375,-2.9296875,True,0.05917265751708171,0.3826138973236084,True,,,False
4201,1.578125,1.5517578125,1.56494140625,26.3671875,True,0.5325346212885829,0.549910306930542,True,,,False
4202,1.5283203125,1.5498046875,1.5390625,-21.484375,True,0.4339094051128319,0.38289308547973633,True,,,False
4203,1.578125,1.5537109375,1.56591796875,24.4140625,True,0.4930956143505969,0.3817739486694336,True,,,False
4204,1.5361328125,1.5078125,1.52197265625,28.3203125,True,0.5719759786286915,0.38913869857788086,True,,,False
4205,1.5205078125,1.5107421875,1.515625,9.765625,True,0.19723578727205893,0.3887979984283447,True,,,False
4206,1.59375,1.6005859375,1.59716796875,-6.8359375,True,0.13807078770261993,0.38428258895874023,True,,,False
4207,1.51953125,1.51171875,1.515625,7.8125,True,0.15779063170268415,0.38390302658081055,True,,,False
4208,1.603515625,1.591796875,1.59765625,11.71875,True,0.2366927979690917,0.38878440856933594,True,,,False
4209,1.56640625,1.5693359375,1.56787109375,-2.9296875,True,0.059172778487918944,0.382068395614624,True,,,False
4210,1.56640625,1.5791015625,1.57275390625,-12.6953125,True,0.2564147332610106,0.386516809463501,True,,,False
4211,1.568359375,1.578125,1.5732421875,-9.765625,True,0.1972416049003851,0.3881340026855469,True,,,False
4212,1.5517578125,1.55078125,1.55126953125,0.9765625,True,0.019723999788707768,0.3829078674316406,True,,,False
4213,1.587890625,1.5791015625,1.58349609375,8.7890625,True,0.17751102474475497,0.39610910415649414,True,,,False
4214,1.6025390625,1.5888671875,1.595703125,13.671875,True,0.27613412087561917,0.48946332931518555,True,,,False
4215,1.5087890625,1.5244140625,1.5166015625,-15.625,True,0.31559244514888024,0.38356781005859375,True,,,False
4216,1.5400390625,1.5751953125,1.5576171875,-35.15625,True,0.7100465022915621,0.38498997688293457,True,,,False
4217,1.5478515625,1.5205078125,1.5341796875,27.34375,True,0.5522655129505275,0.5276534557342529,True,,,False
4218,1.5849609375,1.5546875,1.56982421875,30.2734375,True,0.611449559971881,0.38538670539855957,True,,,False
4219,1.591796875,1.6171875,1.6044921875,-25.390625,True,0.512847522316028,0.3842782974243164,True,,,False
4220,1.525390625,1.5263671875,1.52587890625,-0.9765625,True,0.019724691704649664,0.3873326778411865,True,,,False
4221,1.556640625,1.5380859375,1.54736328125,18.5546875,True,0.3747676525431975,0.3908212184906006,True,,,False
4222,1.515625,1.4931640625,1.50439453125,22.4609375,True,0.45364515933615285,0.38675498962402344,True,,,False
4223,1.56640625,1.5849609375,1.57568359375,-18.5546875,True,0.37479677352154217,0.3853893280029297,True,,,False
4224,1.576171875,1.5849609375,1.58056640625,-8.7890625,True,0.17751559943698317,0.38854289054870605,True,,,False
4225,1.5537109375,1.525390625,1.53955078125,28.3203125,True,0.5720079341870328,0.39081716537475586,True,,,False
4226,1.5380859375,1.54296875,1.54052734375,-4.8828125,True,0.0986211440520338,0.39241933822631836,True,,,False
4227,1.5595703125,1.5419921875,1.55078125,17.578125,True,0.3550379978900885,0.38899946212768555,True,,,False
4228,1.572265625,1.580078125,1.576171875,-7.8125,True,0.1577998180059569,0.39097166061401367,True,,,False
4229,1.5546875,1.5986328125,1.57666015625,-43.9453125,True,0.8875535108233733,0.3858828544616699,True,,,False
4230,1.583984375,1.578125,1.5810546875,5.859375,True,0.11834410917995869,0.388293981552124,True,,,False
4231,1.537109375,1.5634765625,1.55029296875,-26.3671875,True,0.5325402904295375,0.3977782726287842,True,,,False
4232,1.5771484375,1.55859375,1.56787109375,18.5546875,True,0.37476118295064986,0.3858349323272705,True,,,False
4233,1.5234375,1.5380859375,1.53076171875,-14.6484375,True,0.2958568550623478,0.38391804695129395,True,,,False
4234,1.5595703125,1.578125,1.56884765625,-18.5546875,True,0.37476732667233614,0.39691972732543945,True,,,False
4235,1.5712890625,1.583984375,1.57763671875,-12.6953125,True,0.2564126033393543,0.3684213161468506,True,,,False
4236,1.5673828125,1.546875,1.55712890625,20.5078125,True,0.41420482668576,0.38585424423217773,True,,,False
4237,1.5751953125,1.556640625,1.56591796875,18.5546875,True,0.3747499102346804,0.3903205394744873,True,,,False
4238,1.5166015625,1.5478515625,1.5322265625,-31.25,True,0.6311467532622703,0.38482022285461426,True,,,False
4239,1.5732421875,1.578125,1.57568359375,-4.8828125,True,0.09861670026549584,0.3851773738861084,True,,,False
4240,1.650390625,1.5908203125,1.62060546875,59.5703125,True,1.2031863775458798,0.38335418701171875,True,,,False
4241,1.556640625,1.541015625,1.548828125,15.625,True,0.3155923374694679,0.3930816650390625,True,,,False
4242,1.4794921875,1.48046875,1.47998046875,-0.9765625,True,0.019724153239843664,0.3832740783691406,True,,,False
4243,1.560546875,1.556640625,1.55859375,3.90625,True,0.07889297716487953,0.38552236557006836,True,,,False
4244,1.5869140625,1.5166015625,1.5517578125,70.3125,True,1.4201578512049624,0.39199376106262207,True,,,False
4245,1.6015625,1.580078125,1.5908203125,21.484375,True,0.43392729761430665,0.3833186626434326,True,,,False
4246,1.6025390625,1.6435546875,1.623046875,-41.015625,True,0.8284077382672154,0.3839437961578369,True,,,False
4247,1.515625,1.408203125,1.4619140625,107.421875,True,2.1695268903147635,0.39087677001953125,True,,,False
4248,1.580078125,1.5859375,1.5830078125,-5.859375,True,0.11834717552891326,0.39475226402282715,True,,,False
4249,1.4951171875,1.4755859375,1.4853515625,19.53125,True,0.3944931437301756,0.3837153911590576,True,,,False
4250,1.625,1.5390625,1.58203125,85.9375,True,1.7355796584807224,0.3833119869232178,True,,,False
4251,1.55078125,1.55078125,1.55078125,0.0,True,0.0,0.39983463287353516,True,,,False
4252,1.5478515625,1.576171875,1.56201171875,-28.3203125,True,0.5720016963141807,0.38605260848999023,True,,,False
4253,1.5927734375,1.59375,1.59326171875,-0.9765625,True,0.019723950344998957,0.3816337585449219,True,,,False
4254,1.498046875,1.4921875,1.4951171875,5.859375,True,0.11834313107037711,0.3939833641052246,True,,,False
4255,1.525390625,1.517578125,1.521484375,7.8125,True,0.15778887812290945,0.38318705558776855,True,,,False
4256,1.564453125,1.55078125,1.5576171875,13.671875,True,0.27614817707481454,0.38352036476135254,True,,,False
4257,1.576171875,1.5712890625,1.57373046875,4.8828125,True,0.0986142198372587,0.38335704803466797,True,,,False
4258,1.59765625,1.5703125,1.583984375,27.34375,True,0.5522945075887312,0.3897416591644287,True,,,False
4259,1.5478515625,1.55859375,1.55322265625,-10.7421875,True,0.21696714443632042,0.38451695442199707,True,,,False
4260,1.5107421875,1.5234375,1.51708984375,-12.6953125,True,0.25640780918682476,0.3855903148651123,True,,,False
4261,1.6494140625,1.5927734375,1.62109375,56.640625,True,1.1440192807135225,0.3927133083343506,True,,,False
4262,1.658203125,1.607421875,1.6328125,50.78125,True,1.025637828273673,0.3871169090270996,True,,,False
4263,1.541015625,1.5361328125,1.53857421875,4.8828125,True,0.09861425099733992,0.3824160099029541,True,,,False
4264,1.5517578125,1.5673828125,1.5595703125,-15.625,True,0.3155833585491345,0.38446831703186035,True,,,False
4265,1.517578125,1.5107421875,1.51416015625,6.8359375,True,0.13806138518364167,0.39404940605163574,True,,,False
4266,1.5576171875,1.54296875,1.55029296875,14.6484375,True,0.2958668043762957,0.3863670825958252,True,,,False
4267,1.5810546875,1.5986328125,1.58984375,-17.578125,True,0.3550263520124581,0.38344526290893555,True,,,False
4268,1.552734375,1.55859375,1.5556640625,-5.859375,True,0.11834273931693363,0.3915102481842041,True,,,False
4269,1.517578125,1.4970703125,1.50732421875,20.5078125,True,0.41421321739034545,0.3827400207519531,True,,,False
4270,1.54296875,1.548828125,1.5458984375,-5.859375,True,0.1183438999529807,0.3851330280303955,True,,,False
4271,1.53125,1.5107421875,1.52099609375,20.5078125,True,0.41420751078933027,0.3910861015319824,True,,,False
4272,1.6484375,1.6015625,1.625,46.875,True,0.9467933212033338,0.38568544387817383,True,,,False
4273,1.5302734375,1.52734375,1.52880859375,2.9296875,True,0.05917300051052936,0.38392138481140137,True,,,False
4274,1.5908203125,1.595703125,1.59326171875,-4.8828125,True,0.09861903680776907,0.3870120048522949,True,,,False
4275,1.5361328125,1.5361328125,1.5361328125,0.0,True,0.0,0.3987400531768799,True,,,False
4276,1.634765625,1.58984375,1.6123046875,44.921875,True,0.9073204966846157,0.38434672355651855,True,,,False
4277,1.5654296875,1.556640625,1.56103515625,8.7890625,True,0.17750660728675996,0.3829464912414551,True,,,False
4278,1.552734375,1.57421875,1.5634765625,-21.484375,True,0.4339113630390758,0.3913884162902832,True,,,False
4279,1.5712890625,1.556640625,1.56396484375,14.6484375,True,0.2958682914783042,0.3866133689880371,True,,,False
4280,1.5634765625,1.5556640625,1.5595703125,7.8125,True,0.1577970993076105,0.38617563247680664,True,,,False
4281,1.603515625,1.6044921875,1.60400390625,-0.9765625,True,0.01972384148385428,0.3845248222351074,True,,,False
4282,1.5390625,1.5341796875,1.53662109375,4.8828125,True,0.09862011210069636,0.39485764503479004,True,,,False
4283,1.556640625,1.544921875,1.55078125,11.71875,True,0.2366855191383536,0.3850882053375244,True,,,False
4284,1.5654296875,1.5869140625,1.576171875,-21.484375,True,0.43394566925508277,0.38300228118896484,True,,,False
4285,1.61328125,1.611328125,1.6123046875,1.953125,True,0.039448609820010486,0.38834500312805176,True,,,False
4286,1.5830078125,1.5986328125,1.5908203125,-15.625,True,0.3155664576997761,0.3811619281768799,True,,,False
4287,1.5771484375,1.5927734375,1.5849609375,-15.625,True,0.31557687838343595,0.38419485092163086,True,,,False
4288,1.5615234375,1.4921875,1.52685546875,69.3359375,True,1.4004553388378536,0.3916149139404297,True,,,False
4289,1.548828125,1.5849609375,1.56689453125,-36.1328125,True,0.7297807083601603,0.3842811584472656,True,,,False
4290,1.6171875,1.591796875,1.6044921875,25.390625,True,0.5128472392856158,0.3833322525024414,True,,,False
4291,1.53515625,1.5126953125,1.52392578125,22.4609375,True,0.45367458330755467,0.38318729400634766,True,,,False
4292,1.5498046875,1.5341796875,1.5419921875,15.625,True,0.3155809148476542,0.3964238166809082,True,,,False
4293,1.55078125,1.5322265625,1.54150390625,18.5546875,True,0.3747686271477884,0.3837699890136719,True,,,False
4294,1.5498046875,1.513671875,1.53173828125,36.1328125,True,0.729809918792382,0.3844599723815918,True,,,False
4295,1.5966796875,1.5615234375,1.5791015625,35.15625,True,0.7100446809625276,0.388594388961792,True,,,False
4296,1.5634765625,1.53515625,1.54931640625,28.3203125,True,0.5720324687716947,0.38587284088134766,True,,,False
4297,1.517578125,1.5498046875,1.53369140625,-32.2265625,True,0.6509119310674695,0.3833756446838379,True,,,False
4298,1.611328125,1.556640625,1.583984375,54.6875,True,1.1045663123326372,0.3831660747528076,True,,,False
4299,1.556640625,1.58984375,1.5732421875,-33.203125,True,0.6706034209013461,0.3877828121185303,True,,,False
4300,1.5546875,1.50390625,1.529296875,50.78125,True,1.025654988437112,0.3846292495727539,True,,,False
4301,1.5712890625,1.56640625,1.56884765625,4.8828125,True,0.09861923933767813,0.5414535999298096,True,,,False
4302,1.5595703125,1.599609375,1.57958984375,-40.0390625,True,0.8086875413757642,0.39686083793640137,True,,,False
4303,1.5263671875,1.5380859375,1.5322265625,-11.71875,True,0.23668996690740995,0.46550917625427246,True,,,False
4304,1.525390625,1.54296875,1.5341796875,-17.578125,True,0.3550275308803899,0.3934040069580078,True,,,False
4305,1.603515625,1.5517578125,1.57763671875,51.7578125,True,1.0453501025148368,0.38973498344421387,True,,,False
4306,1.5517578125,1.546875,1.54931640625,4.8828125,True,0.09861900379984101,0.38318634033203125,True,,,False
4307,1.58984375,1.5576171875,1.57373046875,32.2265625,True,0.6509162632696635,0.3860805034637451,True,,,False
4308,1.5712890625,1.5869140625,1.5791015625,-15.625,True,0.3155832416550979,0.39337921142578125,True,,,False
4309,1.560546875,1.56640625,1.5634765625,-5.859375,True,0.11834942380506266,0.38193178176879883,True,,,False
4310,1.541015625,1.5537109375,1.54736328125,-12.6953125,True,0.25639951259689375,0.38419008255004883,True,,,False
4311,1.5068359375,1.5546875,1.53076171875,-47.8515625,True,0.9664730898006155,0.385528564453125,True,,,False
4312,1.5400390625,1.5634765625,1.5517578125,-23.4375,True,0.4733968989377269,0.39027953147888184,True,,,False
4313,1.59765625,1.5390625,1.568359375,58.59375,True,1.1834188728164219,0.3835108280181885,True,,,False
4314,1.5,1.4931640625,1.49658203125,6.8359375,True,0.13806189878363415,0.3879404067993164,True,,,False
4315,1.572265625,1.5634765625,1.56787109375,8.7890625,True,0.17752454161374454,0.3971564769744873,True,,,False
4316,1.525390625,1.5205078125,1.52294921875,4.8828125,True,0.09861990057795779,0.3850841522216797,True,,,False
4317,1.6044921875,1.5703125,1.58740234375,34.1796875,True,0.6903695997413578,0.38434457778930664,True,,,False
4318,1.5380859375,1.548828125,1.54345703125,-10.7421875,True,0.2169656096127781,0.3928039073944092,True,,,False
4319,1.4697265625,1.4755859375,1.47265625,-5.859375,True,0.1183415253321002,0.3846116065979004,True,,,False
4320,1.537109375,1.5361328125,1.53662109375,0.9765625,True,0.01972402405098128,0.3854529857635498,True,,,False
4321,1.5908203125,1.5810546875,1.5859375,9.765625,True,0.19724829445712408,0.39046192169189453,True,,,False
4322,1.53125,1.556640625,1.5439453125,-25.390625,True,0.5127951016444033,0.4004652500152588,True,,,False
4323,1.5947265625,1.5927734375,1.59375,1.953125,True,0.0394451405021878,0.3860776424407959,True,,,False
4324,1.634765625,1.611328125,1.623046875,23.4375,True,0.47335356701045567,0.38548851013183594,True,,,False
4325,1.58203125,1.5771484375,1.57958984375,4.8828125,True,0.09861549438213817,0.38776135444641113,True,,,False
4326,1.51171875,1.4873046875,1.49951171875,24.4140625,True,0.4931158179046296,0.3855552673339844,True,,,False
4327,1.5654296875,1.5244140625,1.544921875,41.015625,True,0.8284243782131546,0.38413119316101074,True,,,False
4328,1.4765625,1.5166015625,1.49658203125,-40.0390625,True,0.8086262867318343,0.38524723052978516,True,,,False
4329,1.5498046875,1.580078125,1.56494140625,-30.2734375,True,0.6114486673289422,0.3877594470977783,True,,,False
4330,1.60546875,1.6376953125,1.62158203125,-32.2265625,True,0.6509131254560143,0.3845794200897217,True,,,False
4331,1.5751953125,1.5546875,1.56494140625,20.5078125,True,0.4142143649245651,0.38239431381225586,True,,,False
4332,1.591796875,1.5517578125,1.57177734375,40.0390625,True,0.8087108180749705,0.39621758460998535,True,,,False
4333,1.5048828125,1.521484375,1.51318359375,-16.6015625,True,0.3353115490681653,0.38376641273498535,True,,,False
4334,1.4970703125,1.4619140625,1.4794921875,35.15625,True,0.7100367379693558,0.38260984420776367,True,,,False
4335,1.5693359375,1.5771484375,1.5732421875,-7.8125,True,0.1577884956063102,0.3848426342010498,True,,,False
4336,1.5693359375,1.568359375,1.56884765625,0.9765625,True,0.019723813857085017,0.38988828659057617,True,,,False
4337,1.59375,1.568359375,1.5810546875,25.390625,True,0.5128369487237822,0.38507604598999023,True,,,False
4338,1.55859375,1.5673828125,1.56298828125,-8.7890625,True,0.17751854242124498,0.38556599617004395,True,,,False
4339,1.5703125,1.5380859375,1.55419921875,32.2265625,True,0.6509098230704511,0.38950562477111816,True,,,False
4340,1.5322265625,1.53125,1.53173828125,0.9765625,True,0.01972449981009248,0.3847830295562744,True,,,False
4341,1.6005859375,1.5419921875,1.5712890625,58.59375,True,1.1834799713396715,0.38480114936828613,True,,,False
4342,1.5869140625,1.6474609375,1.6171875,-60.546875,True,1.2229256449261185,0.39015865325927734,True,,,False
4343,1.53125,1.5419921875,1.53662109375,-10.7421875,True,0.21696073258123505,0.385317325592041,True,,,False
4344,1.576171875,1.5771484375,1.57666015625,-0.9765625,True,0.01972333099341236,0.4069817066192627,True,,,False
4345,1.4873046875,1.5390625,1.51318359375,-51.7578125,True,1.0453627862864825,0.38408374786376953,True,,,False
4346,1.4775390625,1.4794921875,1.478515625,-1.953125,True,0.03944783968254251,0.3903462886810303,True,,,False
4347,1.55078125,1.560546875,1.5556640625,-9.765625,True,0.1972305648074154,0.38631725311279297,True,,,False
4348,1.6005859375,1.5849609375,1.5927734375,15.625,True,0.315575157155641,0.3831784725189209,True,,,False
4349,1.595703125,1.5849609375,1.59033203125,10.7421875,True,0.21695879214624572,0.39011359214782715,True,,,False
4350,1.6171875,1.5986328125,1.60791015625,18.5546875,True,0.37476161658512913,0.38111209869384766,True,,,False
4351,1.591796875,1.599609375,1.595703125,-7.8125,True,0.1577877682689467,0.38552069664001465,True,,,False
4352,1.5341796875,1.54296875,1.53857421875,-8.7890625,True,0.17751170074716113,0.38710570335388184,True,,,False
4353,1.5048828125,1.5087890625,1.5068359375,-3.90625,True,0.07889609114811087,0.39399194717407227,True,,,False
4354,1.5576171875,1.53515625,1.54638671875,22.4609375,True,0.45366024723149323,0.3874678611755371,True,,,False
4355,1.5224609375,1.5322265625,1.52734375,-9.765625,True,0.19724211591933008,0.3858511447906494,True,,,False
4356,1.4345703125,1.4765625,1.45556640625,-41.9921875,True,0.8481546873446713,0.3732492923736572,True,,,False
4357,1.58203125,1.5859375,1.583984375,-3.90625,True,0.07889493182049162,0.38416194915771484,True,,,False
4358,1.5078125,1.5078125,1.5078125,0.0,True,0.0,0.3824467658996582,True,,,False
4359,1.603515625,1.5869140625,1.59521484375,16.6015625,True,0.3353060482499156,0.393465518951416,True,,,False
4360,1.587890625,1.60546875,1.5966796875,-17.578125,True,0.3550326846383394,0.39005327224731445,True,,,False
4361,1.521484375,1.5380859375,1.52978515625,-16.6015625,True,0.33531913362635873,0.38550376892089844,True,,,False
4362,1.517578125,1.51953125,1.5185546875,-1.953125,True,0.039443942105813,0.3845229148864746,True,,,False
4363,1.5224609375,1.49609375,1.50927734375,26.3671875,True,0.532578783346384,0.39528632164001465,True,,,False
4364,1.494140625,1.4951171875,1.49462890625,-0.9765625,True,0.019723789135005505,0.3824024200439453,True,,,False
4365,1.46875,1.4892578125,1.47900390625,-20.5078125,True,0.4141674314775276,0.3846163749694824,True,,,False
4366,1.57421875,1.62109375,1.59765625,-46.875,True,0.9467881613180293,0.3911166191101074,True,,,False
4367,1.5703125,1.578125,1.57421875,-7.8125,True,0.1577836679394605,0.38512182235717773,True,,,False
4368,1.5234375,1.5146484375,1.51904296875,8.7890625,True,0.17752225968667823,0.38318347930908203,True,,,False
4369,1.5283203125,1.541015625,1.53466796875,-12.6953125,True,0.2564169222395551,0.39188265800476074,True,,,False
4370,1.638671875,1.5966796875,1.61767578125,41.9921875,True,0.848108177524096,0.3888661861419678,True,,,False
4371,1.615234375,1.7119140625,1.66357421875,-96.6796875,True,1.952593954439998,0.38541531562805176,True,,,False
4372,1.498046875,1.4990234375,1.49853515625,-0.9765625,True,0.01972405399937093,0.3824620246887207,True,,,False
4373,1.5302734375,1.5224609375,1.5263671875,7.8125,True,0.15778735419371148,0.4043583869934082,True,,,False
4374,1.6201171875,1.59375,1.60693359375,26.3671875,True,0.5325426167491891,0.3839836120605469,True,,,False
4375,1.5302734375,1.5703125,1.55029296875,-40.0390625,True,0.808646310708293,0.3862781524658203,True,,,False
4376,1.56640625,1.5615234375,1.56396484375,4.8828125,True,0.09862300876125109,0.3905959129333496,True,,,False
4377,1.583984375,1.5703125,1.5771484375,13.671875,True,0.27615497225871105,0.383481502532959,True,,,False
4378,1.529296875,1.5673828125,1.54833984375,-38.0859375,True,0.7692431140632345,0.3840365409851074,True,,,False
4379,1.5576171875,1.5634765625,1.560546875,-5.859375,True,0.11834460792784336,0.3831493854522705,True,,,False
4380,1.5888671875,1.6015625,1.59521484375,-12.6953125,True,0.25641093343675403,0.3877449035644531,True,,,False
4381,1.603515625,1.60546875,1.6044921875,-1.953125,True,0.039448852503257185,0.38410425186157227,True,,,False
4382,1.470703125,1.494140625,1.482421875,-23.4375,True,0.4733868095704855,0.3837249279022217,True,,,False
4383,1.54296875,1.5869140625,1.56494140625,-43.9453125,True,0.8875472880514871,0.3958015441894531,True,,,False
4384,1.5234375,1.609375,1.56640625,-85.9375,True,1.7357854166222315,0.3822636604309082,True,,,False
4385,1.5810546875,1.5439453125,1.5625,37.109375,True,0.7495268811787849,0.3831009864807129,True,,,False
4386,1.5068359375,1.513671875,1.51025390625,-6.8359375,True,0.13806591603293739,0.38988184928894043,True,,,False
4387,1.5302734375,1.5478515625,1.5390625,-17.578125,True,0.3550487525299394,0.3836066722869873,True,,,False
4388,1.5048828125,1.51953125,1.51220703125,-14.6484375,True,0.2958769710001561,0.38266682624816895,True,,,False
4389,1.6142578125,1.5986328125,1.6064453125,15.625,True,0.31558120915319027,0.3836941719055176,True,,,False
4390,1.623046875,1.654296875,1.638671875,-31.25,True,0.6311943343672664,0.39160585403442383,True,,,False
4391,1.5751953125,1.5087890625,1.5419921875,66.40625,True,1.3412766393105433,0.3848283290863037,True,,,False
4392,1.541015625,1.546875,1.5439453125,-5.859375,True,0.11834521960260175,0.38411402702331543,True,,,False
4393,1.5966796875,1.5634765625,1.580078125,33.203125,True,0.6706102420773411,0.39542341232299805,True,,,False
4394,1.5810546875,1.609375,1.59521484375,-28.3203125,True,0.5719956189281348,0.3823812007904053,True,,,False
4395,1.5927734375,1.5126953125,1.552734375,80.078125,True,1.6174026115448736,0.38560938835144043,True,,,False
4396,1.66015625,1.6484375,1.654296875,11.71875,True,0.23667463669342723,0.38459181785583496,True,,,False
4397,1.615234375,1.5703125,1.5927734375,44.921875,True,0.9073238104333308,0.39014387130737305,True,,,False
4398,1.6025390625,1.583984375,1.59326171875,18.5546875,True,0.37473904692620275,0.384845495223999,True,,,False
4399,1.587890625,1.6259765625,1.60693359375,-38.0859375,True,0.7692500275142309,0.38539624214172363,True,,,False
4400,1.458984375,1.4912109375,1.47509765625,-32.2265625,True,0.6508915596981577,0.4982438087463379,True,,,False
4401,1.482421875,1.4658203125,1.47412109375,16.6015625,True,0.3353018577708517,0.5501251220703125,True,,,False
4402,1.5380859375,1.529296875,1.53369140625,8.7890625,True,0.1775119922264295,0.3851637840270996,True,,,False
4403,1.5712890625,1.51953125,1.54541015625,51.7578125,True,1.0453996038833329,0.39041924476623535,True,,,False
4404,1.59765625,1.5966796875,1.59716796875,0.9765625,True,0.019723006765046184,0.38493943214416504,True,,,False
4405,1.48828125,1.55859375,1.5234375,-70.3125,True,1.4200842185507512,0.38540124893188477,True,,,False
4406,1.47265625,1.44921875,1.4609375,23.4375,True,0.47335547452803245,0.39589810371398926,True,,,False
4407,1.552734375,1.5732421875,1.56298828125,-20.5078125,True,0.4142107368274688,0.3900570869445801,True,,,False
4408,1.513671875,1.474609375,1.494140625,39.0625,True,0.7889243432257007,0.3872966766357422,True,,,False
4409,1.533203125,1.6015625,1.5673828125,-68.359375,True,1.3806515564785407,0.3916590213775635,True,,,False
4410,1.509765625,1.505859375,1.5078125,3.90625,True,0.0789030679304288,0.39673471450805664,True,,,False
4411,1.4697265625,1.4833984375,1.4765625,-13.671875,True,0.27612150150251513,0.3901357650756836,True,,,False
4412,1.4873046875,1.5029296875,1.4951171875,-15.625,True,0.3156006457599242,0.390552282333374,True,,,False
4413,1.61328125,1.6005859375,1.60693359375,12.6953125,True,0.256419704355245,0.39031267166137695,True,,,False
4414,1.5732421875,1.552734375,1.56298828125,20.5078125,True,0.41422481458521637,0.3847315311431885,True,,,False
4415,1.5234375,1.5205078125,1.52197265625,2.9296875,True,0.05917313165983399,0.3835482597351074,True,,,False
4416,1.521484375,1.5068359375,1.51416015625,14.6484375,True,0.29584943509259465,0.39459228515625,True,,,False
4417,1.6005859375,1.5732421875,1.5869140625,27.34375,True,0.5522958153143418,0.38456130027770996,True,,,False
4418,1.55859375,1.591796875,1.5751953125,-33.203125,True,0.6706206843642625,0.384258508682251,True,,,False
4419,1.5,1.515625,1.5078125,-15.625,True,0.3155843229026285,0.3842799663543701,True,,,False
4420,1.587890625,1.5732421875,1.58056640625,14.6484375,True,0.2958560970631653,0.39043664932250977,True,,,False
4421,1.642578125,1.6259765625,1.63427734375,16.6015625,True,0.33532191702113007,0.38619375228881836,True,,,False
4422,1.57421875,1.55078125,1.5625,23.4375,True,0.4734227729629334,0.3842308521270752,True,,,False
4423,1.5146484375,1.490234375,1.50244140625,24.4140625,True,0.4930720719328236,0.38915562629699707,True,,,False
4424,1.5908203125,1.5380859375,1.564453125,52.734375,True,1.0650895485899923,0.3838071823120117,True,,,False
4425,1.544921875,1.5751953125,1.56005859375,-30.2734375,True,0.6114628803322598,0.3827683925628662,True,,,False
4426,1.501953125,1.517578125,1.509765625,-15.625,True,0.3155802625092702,0.39609527587890625,True,,,False
4427,1.546875,1.5576171875,1.55224609375,-10.7421875,True,0.2169622467658045,0.3827342987060547,True,,,False
4428,1.5859375,1.599609375,1.5927734375,-13.671875,True,0.2761286670039118,0.38777947425842285,True,,,False
4429,1.517578125,1.5615234375,1.53955078125,-43.9453125,True,0.8876008243478046,0.38506579399108887,True,,,False
4430,1.642578125,1.68359375,1.6630859375,-41.015625,True,0.8284217861540074,0.3972482681274414,True,,,False
4431,1.572265625,1.61328125,1.5927734375,-41.015625,True,0.8283843817897318,0.3854529857635498,True,,,False
4432,1.5419921875,1.54296875,1.54248046875,-0.9765625,True,0.019723967811681595,0.3855171203613281,True,,,False
4433,1.5732421875,1.55859375,1.56591796875,14.6484375,True,0.2958676032405964,0.390505313873291,True,,,False
4434,1.5908203125,1.6396484375,1.615234375,-48.828125,True,0.9861934188932375,0.3845250606536865,True,,,False
4435,1.4560546875,1.5107421875,1.4833984375,-54.6875,True,1.1045333479084742,0.3829796314239502,True,,,False
4436,1.626953125,1.6376953125,1.63232421875,-10.7421875,True,0.21697256995043318,0.3881669044494629,True,,,False
4437,1.4873046875,1.5595703125,1.5234375,-72.265625,True,1.4595727775678076,0.3893094062805176,True,,,False
4438,1.5380859375,1.5283203125,1.533203125,9.765625,True,0.1972419815104086,0.3847181797027588,True,,,False
4439,1.52734375,1.5625,1.544921875,-35.15625,True,0.7100528606514066,0.3820767402648926,True,,,False
4440,1.466796875,1.47265625,1.4697265625,-5.859375,True,0.11834153971453354,0.39011383056640625,True,,,False
4441,1.59375,1.59765625,1.595703125,-3.90625,True,0.07889238481479947,0.384580135345459,True,,,False
4442,1.5712890625,1.6337890625,1.6025390625,-62.5,True,1.262338756231755,0.3831171989440918,True,,,False
4443,1.5625,1.5322265625,1.54736328125,30.2734375,True,0.6114472329443861,0.39098095893859863,True,,,False
4444,1.62109375,1.6875,1.654296875,-66.40625,True,1.3411790664677798,0.384096622467041,True,,,False
4445,1.546875,1.5419921875,1.54443359375,4.8828125,True,0.09861378639127871,0.38341307640075684,True,,,False
4446,1.5966796875,1.6064453125,1.6015625,-9.765625,True,0.1972388459699312,0.3853745460510254,True,,,False
4447,1.587890625,1.6015625,1.5947265625,-13.671875,True,0.27614474815336787,0.3993034362792969,True,,,False
4448,1.5302734375,1.525390625,1.52783203125,4.8828125,True,0.09861900516250917,0.3844771385192871,True,,,False
4449,1.4560546875,1.4697265625,1.462890625,-13.671875,True,0.2761478879851155,0.38460850715637207,True,,,False
4450,1.5419921875,1.5546875,1.54833984375,-12.6953125,True,0.2564185644077619,0.4002847671508789,True,,,False
4451,1.578125,1.5576171875,1.56787109375,20.5078125,True,0.4141943988338638,0.3821384906768799,True,,,False
4452,1.5771484375,1.5390625,1.55810546875,38.0859375,True,0.7692611445372852,0.3888697624206543,True,,,False
4453,1.5556640625,1.5595703125,1.5576171875,-3.90625,True,0.07889734558444335,0.38459324836730957,True,,,False
4454,1.55859375,1.556640625,1.5576171875,1.953125,True,0.03944752885423437,0.3942852020263672,True,,,False
4455,1.58984375,1.59375,1.591796875,-3.90625,True,0.07889912230799456,0.38260459899902344,True,,,False
4456,1.71875,1.6943359375,1.70654296875,24.4140625,True,0.4930970513543841,0.38495826721191406,True,,,False
4457,1.5576171875,1.5595703125,1.55859375,-1.953125,True,0.039447531108312374,0.39630937576293945,True,,,False
4458,1.5927734375,1.64453125,1.61865234375,-51.7578125,True,1.0453836639377447,0.38680315017700195,True,,,False
4459,1.5341796875,1.4951171875,1.5146484375,39.0625,True,0.7889389026811345,0.3822665214538574,True,,,False
4460,1.6279296875,1.5927734375,1.6103515625,35.15625,True,0.710063857066715,0.39080381393432617,True,,,False
4461,1.560546875,1.5498046875,1.55517578125,10.7421875,True,0.21696374770744778,0.3902277946472168,True,,,False
4462,1.564453125,1.5419921875,1.55322265625,22.4609375,True,0.45365678559116496,0.3841838836669922,True,,,False
4463,1.6005859375,1.6220703125,1.611328125,-21.484375,True,0.43392019925707737,0.38381171226501465,True,,,False
4464,1.572265625,1.576171875,1.57421875,-3.90625,True,0.07889494928984153,0.39067935943603516,True,,,False
4465,1.5078125,1.501953125,1.5048828125,5.859375,True,0.11834446553674881,0.38475751876831055,True,,,False
4466,1.642578125,1.6416015625,1.64208984375,0.9765625,True,0.019724313447524816,0.3861358165740967,True,,,False
4467,1.47265625,1.4921875,1.482421875,-19.53125,True,0.3944626396793653,0.3994307518005371,True,,,False
4468,1.5068359375,1.4912109375,1.4990234375,15.625,True,0.3155817000990531,0.38826990127563477,True,,,False
4469,1.529296875,1.5244140625,1.52685546875,4.8828125,True,0.09862244598976842,0.3855860233306885,True,,,False
4470,1.5458984375,1.5546875,1.55029296875,-8.7890625,True,0.17751229708711358,0.38979268074035645,True,,,False
4471,1.6396484375,1.6201171875,1.6298828125,19.53125,True,0.39446916541866195,0.3880641460418701,True,,,False
4472,1.591796875,1.5283203125,1.56005859375,63.4765625,True,1.2820491320085396,0.3821146488189697,True,,,False
4473,1.537109375,1.5224609375,1.52978515625,14.6484375,True,0.2958584938845482,0.38385581970214844,True,,,False
4474,1.67578125,1.58984375,1.6328125,85.9375,True,1.735740283210736,0.39577221870422363,True,,,False
4475,1.525390625,1.5302734375,1.52783203125,-4.8828125,True,0.09862224781280254,0.38387203216552734,True,,,False
4476,1.51171875,1.486328125,1.4990234375,25.390625,True,0.512826674613014,0.3845334053039551,True,,,False
4477,1.5361328125,1.50390625,1.52001953125,32.2265625,True,0.6509105800244203,0.37163352966308594,True,,,False
4478,1.515625,1.5263671875,1.52099609375,-10.7421875,True,0.21697452520544996,0.3907628059387207,True,,,False
4479,1.64453125,1.6171875,1.630859375,27.34375,True,0.5522604652716082,0.3851048946380615,True,,,False
4480,1.509765625,1.5322265625,1.52099609375,-22.4609375,True,0.45363501830288944,0.38428688049316406,True,,,False
4481,1.57421875,1.58984375,1.58203125,-15.625,True,0.31559743720138556,0.3905963897705078,True,,,False
4482,1.4990234375,1.552734375,1.52587890625,-53.7109375,True,1.0847338556216917,0.38433146476745605,True,,,False
4483,1.53125,1.529296875,1.5302734375,1.953125,True,0.039448595504567835,0.3832988739013672,True,,,False
4484,1.57421875,1.5986328125,1.58642578125,-24.4140625,True,0.493108498966309,0.39182448387145996,True,,,False
4485,1.591796875,1.609375,1.6005859375,-17.578125,True,0.35502770204583506,0.38989686965942383,True,,,False
4486,1.572265625,1.587890625,1.580078125,-15.625,True,0.3156023895633612,0.38402390480041504,True,,,False
4487,1.4453125,1.4775390625,1.46142578125,-32.2265625,True,0.6508894361356062,0.3836076259613037,True,,,False
4488,1.4873046875,1.4990234375,1.4931640625,-11.71875,True,0.23669752772199693,0.48663854598999023,True,,,False
4489,1.55859375,1.5234375,1.541015625,35.15625,True,0.7100484743857185,0.383068323135376,True,,,False
4490,1.5771484375,1.572265625,1.57470703125,4.8828125,True,0.09861749640809167,0.39218711853027344,True,,,False
4491,1.5830078125,1.5595703125,1.5712890625,23.4375,True,0.47337919304119236,0.3914809226989746,True,,,False
4492,1.521484375,1.5185546875,1.52001953125,2.9296875,True,0.05916946346417993,0.3854508399963379,True,,,False
4493,1.5517578125,1.5537109375,1.552734375,-1.953125,True,0.03944937428829491,0.38566040992736816,True,,,False
4494,1.541015625,1.5537109375,1.54736328125,-12.6953125,True,0.2564205821579445,0.40819549560546875,True,,,False
4495,1.650390625,1.662109375,1.65625,-11.71875,True,0.23669227221987982,0.3906548023223877,True,,,False
4496,1.580078125,1.58984375,1.5849609375,-9.765625,True,0.19723245569604073,0.3865077495574951,True,,,False
4497,1.4482421875,1.5322265625,1.490234375,-83.984375,True,1.6962830790032446,0.38523292541503906,True,,,False
4498,1.537109375,1.494140625,1.515625,42.96875,True,0.8678873612010408,0.3903679847717285,True,,,False
4499,1.474609375,1.4794921875,1.47705078125,-4.8828125,True,0.0986212443793911,0.38328003883361816,True,,,False
4500,1.5458984375,1.546875,1.54638671875,-0.9765625,True,0.019723731735742014,4.877436876296997,True,1.5470396662763466,0.3793911007025761,False
4501,1.515625,1.572265625,1.5439453125,-56.640625,True,1.143997137397467,0.9496245384216309,True,,,False
4502,1.5087890625,1.5244140625,1.5166015625,-15.625,True,0.3155915018994004,0.39179468154907227,True,,,False
4503,1.556640625,1.5537109375,1.55517578125,2.9296875,True,0.05917230666162434,0.384737491607666,True,,,False
4504,1.5185546875,1.541015625,1.52978515625,-22.4609375,True,0.45364893424216696,0.38681626319885254,True,,,False
4505,1.55078125,1.546875,1.548828125,3.90625,True,0.07889464941170062,0.3867833614349365,True,,,False
4506,1.6240234375,1.6240234375,1.6240234375,0.0,True,0.0,0.38535141944885254,True,,,False
4507,1.541015625,1.5224609375,1.53173828125,18.5546875,True,0.3747713414887169,0.38600921630859375,True,,,False
4508,1.53125,1.541015625,1.5361328125,-9.765625,True,0.19723726928766291,0.39041876792907715,True,,,False
4509,1.52734375,1.546875,1.537109375,-19.53125,True,0.3944361192444739,0.38821887969970703,True,,,False
4510,1.626953125,1.580078125,1.603515625,46.875,True,0.9468093909309325,0.3857848644256592,True,,,False
4511,1.5625,1.529296875,1.5458984375,33.203125,True,0.670618636135814,0.38472628593444824,True,,,False
4512,1.564453125,1.5615234375,1.56298828125,2.9296875,True,0.05916940645809131,0.3973832130432129,True,,,False
4513,1.533203125,1.509765625,1.521484375,23.4375,True,0.473385592496,0.38326215744018555,True,,,False
4514,1.4794921875,1.5244140625,1.501953125,-44.921875,True,0.9072719961502229,0.38527750968933105,True,,,False
4515,1.5537109375,1.5859375,1.56982421875,-32.2265625,True,0.6508682099323896,0.39170169830322266,True,,,False
4516,1.6328125,1.5859375,1.609375,46.875,True,0.946784315683297,0.385408878326416,True,,,False
4517,1.5478515625,1.5439453125,1.5458984375,3.90625,True,0.07889390294386085,0.38413500785827637,True,,,False
4518,1.5478515625,1.5380859375,1.54296875,9.765625,True,0.1972425832158422,0.3896605968475342,True,,,False
4519,1.6171875,1.6357421875,1.62646484375,-18.5546875,True,0.37475093973509543,0.3898763656616211,True,,,False
4520,1.607421875,1.6162109375,1.61181640625,-8.7890625,True,0.17751812820492044,0.38457155227661133,True,,,False
4521,1.5947265625,1.60546875,1.60009765625,-10.7421875,True,0.21695431560508716,0.3855929374694824,True,,,False
4522,1.462890625,1.48828125,1.4755859375,-25.390625,True,0.5128217010247909,0.40431666374206543,True,,,False
4523,1.6640625,1.6474609375,1.65576171875,16.6015625,True,0.33529622570537315,0.38387537002563477,True,,,False
4524,1.5,1.5087890625,1.50439453125,-8.7890625,True,0.17751573144038038,0.3858764171600342,True,,,False
4525,1.478515625,1.5546875,1.5166015625,-76.171875,True,1.5383911650914448,0.38979339599609375,True,,,False
4526,1.5361328125,1.5234375,1.52978515625,12.6953125,True,0.2564233596435251,0.3867619037628174,True,,,False
4527,1.650390625,1.6005859375,1.62548828125,49.8046875,True,1.005966894403599,0.39071059226989746,True,,,False
4528,1.6015625,1.6044921875,1.60302734375,-2.9296875,True,0.059173724154611126,0.3840639591217041,True,,,False
4529,1.5517578125,1.5224609375,1.537109375,29.296875,True,0.5917085689096693,0.39531946182250977,True,,,False
4530,1.572265625,1.57421875,1.5732421875,-1.953125,True,0.039449018509933625,0.38590073585510254,True,,,False
4531,1.642578125,1.6162109375,1.62939453125,26.3671875,True,0.5325625060687985,0.3854801654815674,True,,,False
4532,1.5869140625,1.6455078125,1.6162109375,-58.59375,True,1.1834024900823379,0.4012274742126465,True,,,False
4533,1.48046875,1.470703125,1.4755859375,9.765625,True,0.1972457113638117,0.38460373878479004,True,,,False
4534,1.572265625,1.5390625,1.5556640625,33.203125,True,0.6706035343793427,0.3865039348602295,True,,,False
4535,1.5234375,1.5537109375,1.53857421875,-30.2734375,True,0.6114641547241769,0.3923027515411377,True,,,False
4536,1.5302734375,1.52734375,1.52880859375,2.9296875,True,0.05917062263716053,0.3919644355773926,True,,,False
4537,1.6015625,1.611328125,1.6064453125,-9.765625,True,0.19724447688137356,0.3862342834472656,True,,,False
4538,1.583984375,1.5576171875,1.57080078125,26.3671875,True,0.532541519440119,0.3860492706298828,True,,,False
4539,1.5537109375,1.5869140625,1.5703125,-33.203125,True,0.6705988705016565,0.39100170135498047,True,,,False
4540,1.5498046875,1.564453125,1.55712890625,-14.6484375,True,0.29585357980688265,0.3925199508666992,True,,,False
4541,1.490234375,1.5322265625,1.51123046875,-41.9921875,True,0.8480775658821198,0.3855171203613281,True,,,False
4542,1.52734375,1.509765625,1.5185546875,17.578125,True,0.355041926238646,0.4018089771270752,True,,,False
4543,1.560546875,1.5361328125,1.54833984375,24.4140625,True,0.4930628734417334,0.38473010063171387,True,,,False
4544,1.650390625,1.5849609375,1.61767578125,65.4296875,True,1.321514616241176,0.38492679595947266,True,,,False
4545,1.5615234375,1.578125,1.56982421875,-16.6015625,True,0.3353244484266272,0.3835313320159912,True,,,False
4546,1.5400390625,1.5576171875,1.548828125,-17.578125,True,0.35506461036338277,0.3892655372619629,True,,,False
4547,1.5068359375,1.4873046875,1.4970703125,19.53125,True,0.39448348340022693,0.3862888813018799,True,,,False
4548,1.548828125,1.525390625,1.537109375,23.4375,True,0.4734161270389645,0.3863193988800049,True,,,False
4549,1.51171875,1.5048828125,1.50830078125,6.8359375,True,0.13806013012548374,0.39187121391296387,True,,,False
4550,1.51171875,1.5166015625,1.51416015625,-4.8828125,True,0.09861827010120591,0.38425135612487793,True,,,False
4551,1.49609375,1.4912109375,1.49365234375,4.8828125,True,0.0986207976703243,0.38504672050476074,True,,,False
4552,1.5615234375,1.5439453125,1.552734375,17.578125,True,0.35503747910692224,0.3921959400177002,True,,,False
4553,1.5322265625,1.5302734375,1.53125,1.953125,True,0.03945184636187756,0.38515615463256836,True,,,False
4554,1.552734375,1.56640625,1.5595703125,-13.671875,True,0.276143808278072,0.38421130180358887,True,,,False
4555,1.4658203125,1.4677734375,1.466796875,-1.953125,True,0.03944631814228808,0.38497376441955566,True,,,False
4556,1.5390625,1.451171875,1.4951171875,87.890625,True,1.775101842282791,0.39003586769104004,True,,,False
4557,1.6708984375,1.638671875,1.65478515625,32.2265625,True,0.6509036253159044,0.3832547664642334,True,,,False
4558,1.6455078125,1.5947265625,1.6201171875,50.78125,True,1.0256635238508898,0.3853144645690918,True,,,False
4559,1.5927734375,1.6015625,1.59716796875,-8.7890625,True,0.17752756579814993,0.5034711360931396,True,,,False
4560,1.544921875,1.5576171875,1.55126953125,-12.6953125,True,0.2564187137472461,0.3932328224182129,True,,,False
4561,1.443359375,1.4580078125,1.45068359375,-14.6484375,True,0.2958679665397662,0.3843228816986084,True,,,False
4562,1.568359375,1.5703125,1.5693359375,-1.953125,True,0.03945009695929198,0.39920783042907715,True,,,False
4563,1.548828125,1.529296875,1.5390625,19.53125,True,0.39448950425292506,0.38581252098083496,True,,,False
4564,1.5869140625,1.6279296875,1.607421875,-41.015625,True,0.8284156912487921,0.3842744827270508,True,,,False
4565,1.5654296875,1.529296875,1.54736328125,36.1328125,True,0.7298072347901344,0.3908379077911377,True,,,False
4566,1.5703125,1.603515625,1.5869140625,-33.203125,True,0.6705895052678332,0.4049365520477295,True,,,False
4567,1.654296875,1.626953125,1.640625,27.34375,True,0.5522697321752719,0.39484095573425293,True,,,False
4568,1.552734375,1.5693359375,1.56103515625,-16.6015625,True,0.3353127935685541,0.3905141353607178,True,,,False
4569,1.6123046875,1.6064453125,1.609375,5.859375,True,0.11834391603512082,0.3898773193359375,True,,,False
4570,1.6162109375,1.63671875,1.62646484375,-20.5078125,True,0.41418293035427334,0.38486528396606445,True,,,False
4571,1.5185546875,1.537109375,1.52783203125,-18.5546875,True,0.3747324100950312,0.38230419158935547,True,,,False
4572,1.5810546875,1.61328125,1.59716796875,-32.2265625,True,0.650895623646016,0.3913440704345703,True,,,False
4573,1.5771484375,1.5615234375,1.5693359375,15.625,True,0.31558731521916494,0.39110636711120605,True,,,False
4574,1.53125,1.501953125,1.5166015625,29.296875,True,0.5917294459752366,0.38205575942993164,True,,,False
4575,1.5771484375,1.6044921875,1.5908203125,-27.34375,True,0.5522748222480026,0.38292646408081055,True,,,False
4576,1.6376953125,1.62109375,1.62939453125,16.6015625,True,0.33530594352356613,0.3971834182739258,True,,,False
4577,1.5654296875,1.548828125,1.55712890625,16.6015625,True,0.33528666902691834,0.38780808448791504,True,,,False
4578,1.4970703125,1.5419921875,1.51953125,-44.921875,True,0.9072719536259112,0.38362550735473633,True,,,False
4579,1.54296875,1.5576171875,1.55029296875,-14.6484375,True,0.2958655084157622,0.399259090423584,True,,,False
4580,1.5693359375,1.5634765625,1.56640625,5.859375,True,0.11834167969546469,0.3812732696533203,True,,,False
4581,1.57421875,1.583984375,1.5791015625,-9.765625,True,0.1972378305204122,0.3849070072174072,True,,,False
4582,1.6064453125,1.5869140625,1.5966796875,19.53125,True,0.3944941025360595,0.38233208656311035,True,,,False
4583,1.5859375,1.6640625,1.625,-78.125,True,1.5779604804468035,0.3966362476348877,True,,,False
4584,1.5654296875,1.6484375,1.60693359375,-83.0078125,True,1.6764923365125732,0.38362884521484375,True,,,False
4585,1.51953125,1.5390625,1.529296875,-19.53125,True,0.39450565135167964,0.3822751045227051,True,,,False
4586,1.52734375,1.548828125,1.5380859375,-21.484375,True,0.43393365883211715,0.38828039169311523,True,,,False
4587,1.5673828125,1.55078125,1.55908203125,16.6015625,True,0.3353099143806763,0.3819124698638916,True,,,False
4588,1.484375,1.53515625,1.509765625,-50.78125,True,1.0257069898002387,0.38265061378479004,True,,,False
4589,1.58984375,1.599609375,1.5947265625,-9.765625,True,0.19724389565090802,0.39565300941467285,True,,,False
4590,1.6494140625,1.6748046875,1.662109375,-25.390625,True,0.5128558570502809,0.38498663902282715,True,,,False
4591,1.6083984375,1.5947265625,1.6015625,13.671875,True,0.27613659049358036,0.3843395709991455,True,,,False
4592,1.5361328125,1.6005859375,1.568359375,-64.453125,True,1.3017493073587278,0.3817005157470703,True,,,False
4593,1.513671875,1.521484375,1.517578125,-7.8125,True,0.15778581870105854,0.38843846321105957,True,,,False
4594,1.541015625,1.546875,1.5439453125,-5.859375,True,0.11834151720570722,0.38327479362487793,True,,,False
4595,1.5732421875,1.56640625,1.56982421875,6.8359375,True,0.13806492439675713,0.3832061290740967,True,,,False
4596,1.5908203125,1.5966796875,1.59375,-5.859375,True,0.11834832046545508,0.3898921012878418,True,,,False
4597,1.6103515625,1.5791015625,1.5947265625,31.25,True,0.6312082916040549,0.3844788074493408,True,,,False
4598,1.7802734375,1.80078125,1.79052734375,-20.5078125,True,0.4141848263315616,0.3687865734100342,True,,,False
4599,1.630859375,1.6533203125,1.64208984375,-22.4609375,True,0.4536628827107022,0.38922762870788574,True,,,False
4600,1.423828125,1.4697265625,1.44677734375,-45.8984375,True,0.9270140093780893,0.38442373275756836,True,,,False
4601,1.603515625,1.6171875,1.6103515625,-13.671875,True,0.27614011181652964,0.5488770008087158,True,,,False
4602,1.5087890625,1.5458984375,1.52734375,-37.109375,True,0.7495377858419728,0.38669705390930176,True,,,False
4603,1.53125,1.544921875,1.5380859375,-13.671875,True,0.2761388736015852,0.3938567638397217,True,,,False
4604,1.6162109375,1.6201171875,1.6181640625,-3.90625,True,0.0788961196373931,0.3832705020904541,True,,,False
4605,1.5498046875,1.580078125,1.56494140625,-30.2734375,True,0.6113976148795893,0.38402867317199707,True,,,False
4606,1.51953125,1.5458984375,1.53271484375,-26.3671875,True,0.5325196695850687,0.3930540084838867,True,,,False
4607,1.4658203125,1.4443359375,1.455078125,21.484375,True,0.4339459710677218,0.38411545753479004,True,,,False
4608,1.5185546875,1.5556640625,1.537109375,-37.109375,True,0.74956856163139,0.3833749294281006,True,,,False
4609,1.5546875,1.5439453125,1.54931640625,10.7421875,True,0.2169637523305389,0.38797593116760254,True,,,False
4610,1.5458984375,1.580078125,1.56298828125,-34.1796875,True,0.6903519452447215,0.38309526443481445,True,,,False
4611,1.5263671875,1.54296875,1.53466796875,-16.6015625,True,0.33530872546300017,0.38432979583740234,True,,,False
4612,1.548828125,1.5458984375,1.54736328125,2.9296875,True,0.059171614661294024,0.390824556350708,True,,,False
4613,1.5810546875,1.619140625,1.60009765625,-38.0859375,True,0.7692272540123247,0.38365602493286133,True,,,False
4614,1.5458984375,1.53515625,1.54052734375,10.7421875,True,0.21696666059795736,0.3844947814941406,True,,,False
4615,1.599609375,1.5908203125,1.59521484375,8.7890625,True,0.1775258369459349,0.3835432529449463,True,,,False
4616,1.6005859375,1.6083984375,1.6044921875,-7.8125,True,0.1577985313568928,0.3926670551300049,True,,,False
4617,1.5576171875,1.537109375,1.54736328125,20.5078125,True,0.41420137777717914,0.3815641403198242,True,,,False
4618,1.5595703125,1.5751953125,1.5673828125,-15.625,True,0.3155663094126494,0.3824000358581543,True,,,False
4619,1.5380859375,1.517578125,1.52783203125,20.5078125,True,0.41424460642512745,0.40099620819091797,True,,,False
4620,1.6201171875,1.63671875,1.62841796875,-16.6015625,True,0.3352925905687447,0.3829996585845947,True,,,False
4621,1.6103515625,1.6357421875,1.623046875,-25.390625,True,0.5128153924494995,0.3850085735321045,True,,,False
4622,1.69921875,1.681640625,1.6904296875,17.578125,True,0.35503547934645213,0.3827509880065918,True,,,False
4623,1.654296875,1.609375,1.6318359375,44.921875,True,0.907269951569124,0.3890228271484375,True,,,False
4624,1.6767578125,1.72265625,1.69970703125,-45.8984375,True,0.9269678618523376,0.3841674327850342,True,,,False
4625,1.5390625,1.521484375,1.5302734375,17.578125,True,0.355004890708314,0.3840665817260742,True,,,False
4626,1.5537109375,1.5361328125,1.544921875,17.578125,True,0.3550365296626319,0.3950977325439453,True,,,False
4627,1.505859375,1.5234375,1.5146484375,-17.578125,True,0.3550288439263005,0.38775134086608887,True,,,False
4628,1.5810546875,1.6005859375,1.5908203125,-19.53125,True,0.3944766000219962,0.38307809829711914,True,,,False
4629,1.591796875,1.576171875,1.583984375,15.625,True,0.3155901862247323,0.39461231231689453,True,,,False
4630,1.46484375,1.40234375,1.43359375,62.5,True,1.2623911340273157,0.3823883533477783,True,,,False
4631,1.53515625,1.5888671875,1.56201171875,-53.7109375,True,1.0848254643350355,0.38425755500793457,True,,,False
4632,1.494140625,1.5126953125,1.50341796875,-18.5546875,True,0.3747592183026589,0.38245677947998047,True,,,False
4633,1.5537109375,1.5615234375,1.5576171875,-7.8125,True,0.15779663060098278,0.3899831771850586,True,,,False
4634,1.6064453125,1.603515625,1.60498046875,2.9296875,True,0.05917526441001215,0.3840668201446533,True,,,False
4635,1.4775390625,1.4814453125,1.4794921875,-3.90625,True,0.07889580664754041,0.381666898727417,True,,,False
4636,1.60546875,1.5859375,1.595703125,19.53125,True,0.3944713459101088,0.3894035816192627,True,,,False
4637,1.474609375,1.5009765625,1.48779296875,-26.3671875,True,0.5325703362769069,0.3843495845794678,True,,,False
4638,1.541015625,1.576171875,1.55859375,-35.15625,True,0.7100268045502053,0.3893556594848633,True,,,False
4639,1.6201171875,1.5712890625,1.595703125,48.828125,True,0.9862024314487421,0.38437724113464355,True,,,False
4640,1.5458984375,1.5458984375,1.5458984375,0.0,True,0.0,0.3895285129547119,True,,,False
4641,1.521484375,1.515625,1.5185546875,5.859375,True,0.11834014431829452,0.38262176513671875,True,,,False
4642,1.5029296875,1.51953125,1.51123046875,-16.6015625,True,0.33530439741666157,0.3846251964569092,True,,,False
4643,1.5029296875,1.4912109375,1.4970703125,11.71875,True,0.2366933630702079,0.3986978530883789,True,,,False
4644,1.525390625,1.533203125,1.529296875,-7.8125,True,0.15779112592656672,0.382352352142334,True,,,False
4645,1.5537109375,1.576171875,1.56494140625,-22.4609375,True,0.45363994632360316,0.3857889175415039,True,,,False
4646,1.53515625,1.5537109375,1.54443359375,-18.5546875,True,0.37477225947081494,0.48439884185791016,True,,,False
4647,1.5927734375,1.6083984375,1.6005859375,-15.625,True,0.3155953046087444,0.39280271530151367,True,,,False
4648,1.5703125,1.572265625,1.5712890625,-1.953125,True,0.039447123455714016,0.38268470764160156,True,,,False
4649,1.50390625,1.5400390625,1.52197265625,-36.1328125,True,0.7298102814117788,0.3842916488647461,True,,,False
4650,1.6455078125,1.6484375,1.64697265625,-2.9296875,True,0.059170531020422766,0.3985309600830078,True,,,False
4651,1.525390625,1.5361328125,1.53076171875,-10.7421875,True,0.21696743968449367,0.38576793670654297,True,,,False
4652,1.5517578125,1.541015625,1.54638671875,10.7421875,True,0.2169615683494137,0.3842952251434326,True,,,False
4653,1.599609375,1.5400390625,1.56982421875,59.5703125,True,1.2031992595594465,0.394942045211792,True,,,False
4654,1.5185546875,1.53515625,1.52685546875,-16.6015625,True,0.3353070297228534,0.39054322242736816,True,,,False
4655,1.591796875,1.5830078125,1.58740234375,8.7890625,True,0.17751681985782983,0.39156293869018555,True,,,False
4656,1.619140625,1.5859375,1.6025390625,33.203125,True,0.6706314772410085,0.387972354888916,True,,,False
4657,1.4892578125,1.5234375,1.50634765625,-34.1796875,True,0.6903666159678894,0.3936140537261963,True,,,False
4658,1.4990234375,1.5166015625,1.5078125,-17.578125,True,0.35505050753864,0.38620877265930176,True,,,False
4659,1.5009765625,1.513671875,1.50732421875,-12.6953125,True,0.2564023097931384,0.38501977920532227,True,,,False
4660,1.5068359375,1.5107421875,1.5087890625,-3.90625,True,0.07889625989116786,0.39049649238586426,True,,,False
4661,1.580078125,1.63671875,1.6083984375,-56.640625,True,1.1439650755063477,0.3855612277984619,True,,,False
4662,1.5830078125,1.572265625,1.57763671875,10.7421875,True,0.21696327887188102,0.38497447967529297,True,,,False
4663,1.5146484375,1.5302734375,1.5224609375,-15.625,True,0.3155881182390783,0.39142537117004395,True,,,False
4664,1.521484375,1.5068359375,1.51416015625,14.6484375,True,0.29585469857590635,0.38553667068481445,True,,,False
4665,1.4990234375,1.5205078125,1.509765625,-21.484375,True,0.4339390143659891,0.3837583065032959,True,,,False
4666,1.5234375,1.52734375,1.525390625,-3.90625,True,0.07889181049467468,0.39221620559692383,True,,,False
4667,1.548828125,1.564453125,1.556640625,-15.625,True,0.31557008873398934,0.38977742195129395,True,,,False
4668,1.5869140625,1.57421875,1.58056640625,12.6953125,True,0.25642344006702206,0.38482141494750977,True,,,False
4669,1.5576171875,1.5380859375,1.5478515625,19.53125,True,0.3944993822936798,0.38709020614624023,True,,,False
4670,1.5869140625,1.6181640625,1.6025390625,-31.25,True,0.6312255988095165,0.3934295177459717,True,,,False
4671,1.5556640625,1.5751953125,1.5654296875,-19.53125,True,0.3944765176922704,0.3901252746582031,True,,,False
4672,1.509765625,1.5048828125,1.50732421875,4.8828125,True,0.09861937524660551,0.38460516929626465,True,,,False
4673,1.5986328125,1.5966796875,1.59765625,1.953125,True,0.039448444338356495,0.392941951751709,True,,,False
4674,1.6455078125,1.564453125,1.60498046875,81.0546875,True,1.637143887287603,0.3851609230041504,True,,,False
4675,1.5283203125,1.515625,1.52197265625,12.6953125,True,0.25641539211054015,0.38686442375183105,True,,,False
4676,1.5126953125,1.5107421875,1.51171875,1.953125,True,0.03944741878255899,0.3856010437011719,True,,,False
4677,1.55859375,1.5595703125,1.55908203125,-0.9765625,True,0.019724909947082536,0.39150071144104004,True,,,False
4678,1.6123046875,1.5439453125,1.578125,68.359375,True,1.380733153938781,0.3844916820526123,True,,,False
4679,1.61328125,1.6064453125,1.60986328125,6.8359375,True,0.13806161496400818,0.38494324684143066,True,,,False
4680,1.5576171875,1.5712890625,1.564453125,-13.671875,True,0.2761468134611796,0.4007856845855713,True,,,False
4681,1.5263671875,1.5419921875,1.5341796875,-15.625,True,0.31559267624585663,0.385178804397583,True,,,False
4682,1.5537109375,1.5537109375,1.5537109375,0.0,True,0.0,0.38349390029907227,True,,,False
4683,1.6376953125,1.669921875,1.65380859375,-32.2265625,True,0.650875114490683,0.39221620559692383,True,,,False
4684,1.5556640625,1.5439453125,1.5498046875,11.71875,True,0.23668687917324016,0.3856198787689209,True,,,False
4685,1.57421875,1.56640625,1.5703125,7.8125,True,0.15779042742558647,0.38317346572875977,True,,,False
4686,1.6025390625,1.58984375,1.59619140625,12.6953125,True,0.2564000510880917,0.3905661106109619,True,,,False
4687,1.5380859375,1.595703125,1.56689453125,-57.6171875,True,1.1637430909870008,0.38991522789001465,True,,,False
4688,1.5830078125,1.5732421875,1.578125,9.765625,True,0.1972445929381563,0.384443998336792,True,,,False
4689,1.4716796875,1.4541015625,1.462890625,17.578125,True,0.35503083497295396,0.3860766887664795,True,,,False
4690,1.5986328125,1.6220703125,1.6103515625,-23.4375,True,0.4733918635568631,0.3903219699859619,True,,,False
4691,1.5234375,1.5380859375,1.53076171875,-14.6484375,True,0.2958612042621149,0.3846089839935303,True,,,False
4692,1.5537109375,1.5400390625,1.546875,13.671875,True,0.2761185105570874,0.3853476047515869,True,,,False
4693,1.533203125,1.5439453125,1.53857421875,-10.7421875,True,0.21696529574313506,0.3895094394683838,True,,,False
4694,1.48046875,1.4833984375,1.48193359375,-2.9296875,True,0.05917238343572864,0.38961076736450195,True,,,False
4695,1.53125,1.541015625,1.5361328125,-9.765625,True,0.1972454597167881,0.3841981887817383,True,,,False
4696,1.6240234375,1.591796875,1.60791015625,32.2265625,True,0.6509091434897204,0.38533568382263184,True,,,False
4697,1.5927734375,1.6328125,1.61279296875,-40.0390625,True,0.8086905453691681,0.3964235782623291,True,,,False
4698,1.4833984375,1.49609375,1.48974609375,-12.6953125,True,0.2564163344015274,0.38468074798583984,True,,,False
4699,1.6015625,1.650390625,1.6259765625,-48.828125,True,0.9861814559797948,0.3841845989227295,True,,,False
4700,1.5078125,1.5029296875,1.50537109375,4.8828125,True,0.09861672013770535,0.39070892333984375,True,,,False
4701,1.5849609375,1.568359375,1.57666015625,16.6015625,True,0.33532876403142936,0.5496041774749756,True,,,False
4702,1.6103515625,1.6572265625,1.6337890625,-46.875,True,0.9467755696367555,0.38355040550231934,True,,,False
4703,1.556640625,1.560546875,1.55859375,-3.90625,True,0.07889392905040772,0.3902161121368408,True,,,False
4704,1.626953125,1.60546875,1.6162109375,21.484375,True,0.43392141784098737,0.38436102867126465,True,,,False
4705,1.576171875,1.5634765625,1.56982421875,12.6953125,True,0.2564080653060867,0.387270450592041,True,,,False
4706,1.4658203125,1.4541015625,1.4599609375,11.71875,True,0.23670146326499183,0.3854787349700928,True,,,False
4707,1.634765625,1.56640625,1.6005859375,68.359375,True,1.3807320548116633,0.38963890075683594,True,,,False
4708,1.6337890625,1.6484375,1.64111328125,-14.6484375,True,0.2958750870769997,0.38669848442077637,True,,,False
4709,1.51953125,1.5341796875,1.52685546875,-14.6484375,True,0.29585682613878767,0.38344478607177734,True,,,False
4710,1.619140625,1.6298828125,1.62451171875,-10.7421875,True,0.21694059950299127,0.3973672389984131,True,,,False
4711,1.5654296875,1.5703125,1.56787109375,-4.8828125,True,0.09861690089274239,0.3849666118621826,True,,,False
4712,1.47265625,1.50390625,1.48828125,-31.25,True,0.6311924865166357,0.38293981552124023,True,,,False
4713,1.5849609375,1.5751953125,1.580078125,9.765625,True,0.1972523172467704,0.39028358459472656,True,,,False
4714,1.599609375,1.60546875,1.6025390625,-5.859375,True,0.11834644081066222,0.3906569480895996,True,,,False
4715,1.515625,1.5009765625,1.50830078125,14.6484375,True,0.2958829274769941,0.38471269607543945,True,,,False
4716,1.533203125,1.5439453125,1.53857421875,-10.7421875,True,0.21697339313150987,0.3871634006500244,True,,,False
4717,1.5205078125,1.4990234375,1.509765625,21.484375,True,0.43391342018324774,0.3900902271270752,True,,,False
4718,1.5224609375,1.498046875,1.51025390625,24.4140625,True,0.4931134778312753,0.3842024803161621,True,,,False
4719,1.69140625,1.6005859375,1.64599609375,90.8203125,True,1.8342995453703077,0.36907005310058594,True,,,False
4720,1.5830078125,1.5615234375,1.572265625,21.484375,True,0.4339242867494207,0.3942906856536865,True,,,False
4721,1.53515625,1.494140625,1.5146484375,41.015625,True,0.8284456494673479,0.3872051239013672,True,,,False
4722,1.5439453125,1.560546875,1.55224609375,-16.6015625,True,0.33531521914039514,0.3896806240081787,True,,,False
4723,1.513671875,1.5029296875,1.50830078125,10.7421875,True,0.2169797445545109,0.3915672302246094,True,,,False
4724,1.5576171875,1.5849609375,1.5712890625,-27.34375,True,0.552268660866795,0.3856203556060791,True,,,False
4725,1.5791015625,1.5673828125,1.5732421875,11.71875,True,0.23670855949302433,0.38512086868286133,True,,,False
4726,1.498046875,1.5029296875,1.50048828125,-4.8828125,True,0.0986186608872099,0.38481974601745605,True,,,False
4727,1.5556640625,1.5361328125,1.5458984375,19.53125,True,0.3944903193727149,0.3988027572631836,True,,,False
4728,1.583984375,1.5830078125,1.58349609375,0.9765625,True,0.019724756811301484,0.38646912574768066,True,,,False
4729,1.4931640625,1.560546875,1.52685546875,-67.3828125,True,1.360911064783967,0.3832864761352539,True,,,False
4730,1.59765625,1.525390625,1.5615234375,72.265625,True,1.4596465111850647,0.38486266136169434,True,,,False
4731,1.5341796875,1.5322265625,1.533203125,1.953125,True,0.03944915376426772,0.3935122489929199,True,,,False
4732,1.587890625,1.6171875,1.6025390625,-29.296875,True,0.5917347749394584,0.4935567378997803,True,,,False
4733,1.5244140625,1.529296875,1.52685546875,-4.8828125,True,0.09862123452483695,0.3989250659942627,True,,,False
4734,1.619140625,1.6015625,1.6103515625,17.578125,True,0.3550455472693495,0.39208555221557617,True,,,False
4735,1.556640625,1.5263671875,1.54150390625,30.2734375,True,0.6114322936114446,0.38431835174560547,True,,,False
4736,1.5263671875,1.513671875,1.52001953125,12.6953125,True,0.2564192010301699,0.3862299919128418,True,,,False
4737,1.5078125,1.56640625,1.537109375,-58.59375,True,1.1834732115133166,0.39345884323120117,True,,,False
4738,1.5458984375,1.515625,1.53076171875,30.2734375,True,0.6114170414957095,0.38499879837036133,True,,,False
4739,1.623046875,1.6025390625,1.61279296875,20.5078125,True,0.4141908837251625,0.3875844478607178,True,,,False
4740,1.52734375,1.5654296875,1.54638671875,-38.0859375,True,0.7692431699637196,0.3959505558013916,True,,,False
4741,1.5068359375,1.5107421875,1.5087890625,-3.90625,True,0.07889478921088999,0.38811635971069336,True,,,False
4742,1.4541015625,1.451171875,1.45263671875,2.9296875,True,0.059174999201010284,0.3813009262084961,True,,,False
4743,1.5966796875,1.6240234375,1.6103515625,-27.34375,True,0.5522811999540216,0.38286566734313965,True,,,False
4744,1.5419921875,1.5361328125,1.5390625,5.859375,True,0.11834963471406944,0.396425724029541,True,,,False
4745,1.54296875,1.6015625,1.572265625,-58.59375,True,1.1834171875578865,0.3842329978942871,True,,,False
4746,1.564453125,1.591796875,1.578125,-27.34375,True,0.5522794559706228,0.38769960403442383,True,,,False
4747,1.591796875,1.5419921875,1.56689453125,49.8046875,True,1.0059239314494384,0.39978671073913574,True,,,False
4748,1.5107421875,1.498046875,1.50439453125,12.6953125,True,0.25640609268748066,0.3857722282409668,True,,,False
4749,1.58984375,1.5908203125,1.59033203125,-0.9765625,True,0.019723886693267863,0.3862190246582031,True,,,False
4750,1.572265625,1.5849609375,1.57861328125,-12.6953125,True,0.25642024505946176,0.392275333404541,True,,,False
4751,1.537109375,1.544921875,1.541015625,-7.8125,True,0.15779277873570535,0.3831150531768799,True,,,False
4752,1.5576171875,1.5576171875,1.5576171875,0.0,True,0.0,0.3847012519836426,True,,,False
4753,1.533203125,1.56640625,1.5498046875,-33.203125,True,0.6706214907554686,0.3830606937408447,True,,,False
4754,1.6220703125,1.6005859375,1.611328125,21.484375,True,0.4339507695387399,0.3890511989593506,True,,,False
4755,1.625,1.5576171875,1.59130859375,67.3828125,True,1.3608890435513858,0.38384246826171875,True,,,False
4756,1.525390625,1.5302734375,1.52783203125,-4.8828125,True,0.09862576892058644,0.38361406326293945,True,,,False
4757,1.5205078125,1.544921875,1.53271484375,-24.4140625,True,0.4931251760023783,0.3949587345123291,True,,,False
4758,1.560546875,1.6220703125,1.59130859375,-61.5234375,True,1.2426011767305374,0.3835721015930176,True,,,False
4759,1.5673828125,1.5556640625,1.5615234375,11.71875,True,0.2366908277109784,0.38410234451293945,True,,,False
4760,1.576171875,1.5693359375,1.57275390625,6.8359375,True,0.1380690127350075,0.3868217468261719,True,,,False
4761,1.5712890625,1.6044921875,1.587890625,-33.203125,True,0.6705853673672882,0.3893904685974121,True,,,False
4762,1.638671875,1.6083984375,1.62353515625,30.2734375,True,0.6114522409012699,0.3863701820373535,True,,,False
4763,1.6318359375,1.623046875,1.62744140625,8.7890625,True,0.1775164965494689,0.38480615615844727,True,,,False
4764,1.5390625,1.5751953125,1.55712890625,-36.1328125,True,0.7298226875099189,0.3995022773742676,True,,,False
4765,1.53515625,1.5146484375,1.52490234375,20.5078125,True,0.4142237424914302,0.3856165409088135,True,,,False
4766,1.5615234375,1.560546875,1.56103515625,0.9765625,True,0.01972298332995403,0.38358378410339355,True,,,False
4767,1.5556640625,1.568359375,1.56201171875,-12.6953125,True,0.256406536874228,0.3838517665863037,True,,,False
4768,1.533203125,1.5380859375,1.53564453125,-4.8828125,True,0.09861939622186602,0.3919239044189453,True,,,False
4769,1.5419921875,1.5322265625,1.537109375,9.765625,True,0.1972374722499286,0.383669376373291,True,,,False
4770,1.5947265625,1.58203125,1.58837890625,12.6953125,True,0.2564134433607867,0.3834238052368164,True,,,False
4771,1.5888671875,1.5361328125,1.5625,52.734375,True,1.0650764753533861,0.3959629535675049,True,,,False
4772,1.56640625,1.578125,1.572265625,-11.71875,True,0.23667567557573663,0.391434907913208,True,,,False
4773,1.60546875,1.591796875,1.5986328125,13.671875,True,0.27614490589536783,0.38432860374450684,True,,,False
4774,1.5029296875,1.51953125,1.51123046875,-16.6015625,True,0.33530931179645596,0.39917469024658203,True,,,False
4775,1.537109375,1.55078125,1.5439453125,-13.671875,True,0.27613368700072105,0.3858022689819336,True,,,False
4776,1.55859375,1.576171875,1.5673828125,-17.578125,True,0.3550273472728976,0.3840782642364502,True,,,False
4777,1.6005859375,1.6162109375,1.6083984375,-15.625,True,0.3155668898873047,0.3854210376739502,True,,,False
4778,1.5126953125,1.51953125,1.51611328125,-6.8359375,True,0.13807616343701842,0.3919031620025635,True,,,False
4779,1.5927734375,1.6083984375,1.6005859375,-15.625,True,0.31560551365012735,0.38784074783325195,True,,,False
4780,1.5615234375,1.546875,1.55419921875,14.6484375,True,0.29587441123525743,0.383617639541626,True,,,False
4781,1.662109375,1.61328125,1.6376953125,48.828125,True,0.986195813954064,0.39406847953796387,True,,,False
4782,1.56640625,1.580078125,1.5732421875,-13.671875,True,0.2761345477320861,0.38518261909484863,True,,,False
4783,1.544921875,1.5224609375,1.53369140625,22.4609375,True,0.45365554728741947,0.384519100189209,True,,,False
4784,1.6416015625,1.6064453125,1.6240234375,35.15625,True,0.7100885064343478,0.38440394401550293,True,,,False
4785,1.5712890625,1.4951171875,1.533203125,76.171875,True,1.5383969107335775,0.38895249366760254,True,,,False
4786,1.5302734375,1.55078125,1.54052734375,-20.5078125,True,0.41421082527428954,0.3851480484008789,True,,,False
4787,1.5341796875,1.5205078125,1.52734375,13.671875,True,0.27613377604135664,0.3852834701538086,True,,,False
4788,1.58203125,1.5693359375,1.57568359375,12.6953125,True,0.25642512727228467,0.3899688720703125,True,,,False
4789,1.53515625,1.5576171875,1.54638671875,-22.4609375,True,0.45362595776773856,0.38733768463134766,True,,,False
4790,1.6162109375,1.509765625,1.56298828125,106.4453125,True,2.1500451310156246,0.3852560520172119,True,,,False
4791,1.5537109375,1.5390625,1.54638671875,14.6484375,True,0.29585512425781524,0.3935537338256836,True,,,False
4792,1.5625,1.5673828125,1.56494140625,-4.8828125,True,0.09862422301517776,0.38825225830078125,True,,,False
4793,1.5634765625,1.560546875,1.56201171875,2.9296875,True,0.059172383386909694,0.38344717025756836,True,,,False
4794,1.53125,1.525390625,1.5283203125,5.859375,True,0.11833867285446775,0.38498902320861816,True,,,False
4795,1.505859375,1.46484375,1.4853515625,41.015625,True,0.8283685719593596,0.39002537727355957,True,,,False
4796,1.5166015625,1.5263671875,1.521484375,-9.765625,True,0.1972372209478955,0.38439130783081055,True,,,False
4797,1.619140625,1.607421875,1.61328125,11.71875,True,0.23668823890357485,0.384448766708374,True,,,False
4798,1.45703125,1.4658203125,1.46142578125,-8.7890625,True,0.17750992548497643,0.39100074768066406,True,,,False
4799,1.625,1.59375,1.609375,31.25,True,0.6311998031501718,0.3894789218902588,True,,,False
4800,1.521484375,1.51953125,1.5205078125,1.953125,True,0.039448641292082996,0.38568997383117676,True,,,False
4801,1.53125,1.5693359375,1.55029296875,-38.0859375,True,0.7692318471127576,0.5775814056396484,True,,,False
4802,1.5498046875,1.517578125,1.53369140625,32.2265625,True,0.650921020745171,0.38413095474243164,True,,,False
4803,1.5556640625,1.521484375,1.53857421875,34.1796875,True,0.6903519233892065,0.3835413455963135,True,,,False
4804,1.5546875,1.56640625,1.560546875,-11.71875,True,0.23669030563375337,0.3991222381591797,True,,,False
4805,1.583984375,1.61328125,1.5986328125,-29.296875,True,0.5917689330181076,0.38447999954223633,True,,,False
4806,1.56640625,1.4931640625,1.52978515625,73.2421875,True,1.4793359062260747,0.38426637649536133,True,,,False
4807,1.515625,1.5537109375,1.53466796875,-38.0859375,True,0.7692528560975275,0.3922240734100342,True,,,False
4808,1.5439453125,1.5546875,1.54931640625,-10.7421875,True,0.2169658605363201,0.3836326599121094,True,,,False
4809,1.5234375,1.5380859375,1.53076171875,-14.6484375,True,0.29586310597174154,0.38808655738830566,True,,,False
4810,1.5859375,1.564453125,1.5751953125,21.484375,True,0.43391415163768954,0.3841516971588135,True,,,False
4811,1.591796875,1.5546875,1.5732421875,37.109375,True,0.7494987159773745,0.39379215240478516,True,,,False
4812,1.537109375,1.53515625,1.5361328125,1.953125,True,0.039448343661918524,0.3831782341003418,True,,,False
4813,1.521484375,1.541015625,1.53125,-19.53125,True,0.39447579700552576,0.3838481903076172,True,,,False
4814,1.5869140625,1.609375,1.59814453125,-22.4609375,True,0.4536677462727648,0.3894636631011963,True,,,False
4815,1.54296875,1.5771484375,1.56005859375,-34.1796875,True,0.6903615275855942,0.3848295211791992,True,,,False
4816,1.5234375,1.5234375,1.5234375,0.0,True,0.0,0.3855109214782715,True,,,False
4817,1.5380859375,1.5263671875,1.5322265625,11.71875,True,0.23668454025062,0.487415075302124,True,,,False
4818,1.640625,1.595703125,1.6181640625,44.921875,True,0.907314881943461,0.38697242736816406,True,,,False
4819,1.5234375,1.521484375,1.5224609375,1.953125,True,0.0394464683523585,0.39012980461120605,True,,,False
4820,1.556640625,1.59765625,1.5771484375,-41.015625,True,0.8284665534549276,0.3918161392211914,True,,,False
4821,1.6298828125,1.595703125,1.61279296875,34.1796875,True,0.6903516199867066,0.38301920890808105,True,,,False
4822,1.5732421875,1.5712890625,1.572265625,1.953125,True,0.03944807828396474,0.3838181495666504,True,,,False
4823,1.5791015625,1.56640625,1.57275390625,12.6953125,True,0.256408020808049,0.38307762145996094,True,,,False
4824,1.5908203125,1.580078125,1.58544921875,10.7421875,True,0.2169655560926454,0.3909926414489746,True,,,False
4825,1.5625,1.5546875,1.55859375,7.8125,True,0.15779640581957347,0.38292527198791504,True,,,False
4826,1.61328125,1.634765625,1.6240234375,-21.484375,True,0.4339297205643067,0.38443946838378906,True,,,False
4827,1.5673828125,1.5498046875,1.55859375,17.578125,True,0.35502809869246604,0.3969414234161377,True,,,False
4828,1.4970703125,1.453125,1.47509765625,43.9453125,True,0.887584189499444,0.3851652145385742,True,,,False
4829,1.560546875,1.5263671875,1.54345703125,34.1796875,True,0.6903749438028912,0.38549065589904785,True,,,False
4830,1.5322265625,1.5615234375,1.546875,-29.296875,True,0.5916893182900969,0.38666510581970215,True,,,False
4831,1.58203125,1.6103515625,1.59619140625,-28.3203125,True,0.5720021988320159,0.39742541313171387,True,,,False
4832,1.533203125,1.5556640625,1.54443359375,-22.4609375,True,0.453645774382497,0.3884291648864746,True,,,False
4833,1.5009765625,1.5703125,1.53564453125,-69.3359375,True,1.4004525334982383,0.38732290267944336,True,,,False
4834,1.583984375,1.5888671875,1.58642578125,-4.8828125,True,0.09861973738833743,0.39778828620910645,True,,,False
4835,1.572265625,1.541015625,1.556640625,31.25,True,0.6311617728559581,0.3833882808685303,True,,,False
4836,1.595703125,1.587890625,1.591796875,7.8125,True,0.15778481034686126,0.3880155086517334,True,,,False
4837,1.521484375,1.5400390625,1.53076171875,-18.5546875,True,0.3747409277640803,0.3987710475921631,True,,,False
4838,1.5703125,1.5361328125,1.55322265625,34.1796875,True,0.6903099145915793,0.389782190322876,True,,,False
4839,1.6015625,1.5537109375,1.57763671875,47.8515625,True,0.9665694577262951,0.3854074478149414,True,,,False
4840,1.634765625,1.6865234375,1.66064453125,-51.7578125,True,1.0453711630655054,0.3679044246673584,True,,,False
4841,1.576171875,1.603515625,1.58984375,-27.34375,True,0.5523054302674867,0.3919222354888916,True,,,False
4842,1.5556640625,1.5400390625,1.5478515625,15.625,True,0.31558884347853194,0.38530683517456055,True,,,False
4843,1.5185546875,1.544921875,1.53173828125,-26.3671875,True,0.5325637721922869,0.385955810546875,True,,,False
4844,1.6015625,1.5146484375,1.55810546875,86.9140625,True,1.7554189795079507,0.39315247535705566,True,,,False
4845,1.4873046875,1.462890625,1.47509765625,24.4140625,True,0.49311992028540413,0.38719797134399414,True,,,False
4846,1.498046875,1.5146484375,1.50634765625,-16.6015625,True,0.3353233301478714,0.38486504554748535,True,,,False
4847,1.5224609375,1.5087890625,1.515625,13.671875,True,0.2761141648693222,0.38545656204223633,True,,,False
4848,1.47265625,1.4716796875,1.47216796875,0.9765625,True,0.019723932793554715,0.3904440402984619,True,,,False
4849,1.6298828125,1.619140625,1.62451171875,10.7421875,True,0.21695678106398486,0.3899352550506592,True,,,False
4850,1.6162109375,1.6455078125,1.630859375,-29.296875,True,0.5917732984763076,0.38527560234069824,True,,,False
4851,1.6044921875,1.5986328125,1.6015625,5.859375,True,0.11834809980284222,0.3976163864135742,True,,,False
4852,1.5888671875,1.6103515625,1.599609375,-21.484375,True,0.433916521624656,0.38408589363098145,True,,,False
4853,1.427734375,1.48046875,1.4541015625,-52.734375,True,1.065110068286939,0.38422727584838867,True,,,False
4854,1.640625,1.6318359375,1.63623046875,8.7890625,True,0.1775295731782778,0.3853271007537842,True,,,False
4855,1.587890625,1.59375,1.5908203125,-5.859375,True,0.1183408445576436,0.3968472480773926,True,,,False
4856,1.5888671875,1.599609375,1.59423828125,-10.7421875,True,0.21695603568445326,0.38514232635498047,True,,,False
4857,1.5341796875,1.5263671875,1.5302734375,7.8125,True,0.15778928785669427,0.3866245746612549,True,,,False
4858,1.529296875,1.533203125,1.53125,-3.90625,True,0.07889934113262909,0.3970756530761719,True,,,False
4859,1.55859375,1.5634765625,1.56103515625,-4.8828125,True,0.09861892440708989,0.38767337799072266,True,,,False
4860,1.5126953125,1.521484375,1.51708984375,-8.7890625,True,0.1775223714515388,0.38507533073425293,True,,,False
4861,1.5517578125,1.5517578125,1.5517578125,0.0,True,0.0,0.3892064094543457,True,,,False
4862,1.5634765625,1.568359375,1.56591796875,-4.8828125,True,0.09862044419552625,0.3916964530944824,True,,,False
4863,1.57421875,1.5693359375,1.57177734375,4.8828125,True,0.09862170227629574,0.3877239227294922,True,,,False
4864,1.548828125,1.5615234375,1.55517578125,-12.6953125,True,0.2564115702761375,0.3871915340423584,True,,,False
4865,1.572265625,1.5556640625,1.56396484375,16.6015625,True,0.33527987893091316,0.40023303031921387,True,,,False
4866,1.5625,1.5712890625,1.56689453125,-8.7890625,True,0.17751505886606994,0.38469672203063965,True,,,False
4867,1.5546875,1.5888671875,1.57177734375,-34.1796875,True,0.6903388601010328,0.3856692314147949,True,,,False
4868,1.5234375,1.447265625,1.4853515625,76.171875,True,1.538454682015965,0.38990259170532227,True,,,False
4869,1.59765625,1.56640625,1.58203125,31.25,True,0.6311753282047664,0.39201855659484863,True,,,False
4870,1.572265625,1.57421875,1.5732421875,-1.953125,True,0.03944873526515143,0.3839733600616455,True,,,False
4871,1.552734375,1.5556640625,1.55419921875,-2.9296875,True,0.05917366474351297,0.3848857879638672,True,,,False
4872,1.5986328125,1.591796875,1.59521484375,6.8359375,True,0.1380704908735789,0.38997340202331543,True,,,False
4873,1.5458984375,1.5400390625,1.54296875,5.859375,True,0.11834341269831586,0.38398194313049316,True,,,False
4874,1.5322265625,1.5283203125,1.5302734375,3.90625,True,0.07889562063419049,0.3827822208404541,True,,,False
4875,1.53515625,1.556640625,1.5458984375,-21.484375,True,0.4339431471062211,0.3874025344848633,True,,,False
4876,1.6171875,1.630859375,1.6240234375,-13.671875,True,0.2761315679215089,0.38452696800231934,True,,,False
4877,1.572265625,1.580078125,1.576171875,-7.8125,True,0.15778306691445926,0.3844339847564697,True,,,False
4878,1.576171875,1.62890625,1.6025390625,-52.734375,True,1.0650471127927914,0.3930366039276123,True,,,False
4879,1.5810546875,1.642578125,1.61181640625,-61.5234375,True,1.2426185081229364,0.38569116592407227,True,,,False
4880,1.580078125,1.58984375,1.5849609375,-9.765625,True,0.19724511305545903,0.3856515884399414,True,,,False
4881,1.5732421875,1.5576171875,1.5654296875,15.625,True,0.31557394537816846,0.38361620903015137,True,,,False
4882,1.5732421875,1.5546875,1.56396484375,18.5546875,True,0.37476783384232565,0.3976302146911621,True,,,False
4883,1.5234375,1.5107421875,1.51708984375,12.6953125,True,0.25641595588938765,0.3879508972167969,True,,,False
4884,1.5322265625,1.5390625,1.53564453125,-6.8359375,True,0.13806916206165742,0.38549256324768066,True,,,False
4885,1.4814453125,1.517578125,1.49951171875,-36.1328125,True,0.7298258670261611,0.3914213180541992,True,,,False
4886,1.5419921875,1.544921875,1.54345703125,-2.9296875,True,0.059174743392213645,0.382904052734375,True,,,False
4887,1.6064453125,1.6494140625,1.6279296875,-42.96875,True,0.8678080254655804,0.3848729133605957,True,,,False
4888,1.552734375,1.548828125,1.55078125,3.90625,True,0.0788982418656184,0.384615421295166,True,,,False
4889,1.6044921875,1.5908203125,1.59765625,13.671875,True,0.27612472989217884,0.3904235363006592,True,,,False
4890,1.54296875,1.5830078125,1.56298828125,-40.0390625,True,0.8086709972533763,0.38632774353027344,True,,,False
4891,1.57421875,1.58203125,1.578125,-7.8125,True,0.15779681010715518,0.3862323760986328,True,,,False
4892,1.6552734375,1.591796875,1.62353515625,63.4765625,True,1.2821387980275272,0.39520931243896484,True,,,False
4893,1.5966796875,1.615234375,1.60595703125,-18.5546875,True,0.37478253933078887,0.38344645500183105,True,,,False
4894,1.5703125,1.5546875,1.5625,15.625,True,0.3155869619109687,0.3828306198120117,True,,,False
4895,1.5283203125,1.484375,1.50634765625,43.9453125,True,0.8876077875078163,0.3849167823791504,True,,,False
4896,1.564453125,1.5927734375,1.57861328125,-28.3203125,True,0.5720125389557786,0.39310717582702637,True,,,False
4897,1.5966796875,1.5732421875,1.5849609375,23.4375,True,0.47340520460254365,0.38887810707092285,True,,,False
4898,1.5439453125,1.548828125,1.54638671875,-4.8828125,True,0.09861579339267618,0.3834342956542969,True,,,False
4899,1.470703125,1.482421875,1.4765625,-11.71875,True,0.23667557476753592,0.39412426948547363,True,,,False
4900,1.5,1.51953125,1.509765625,-19.53125,True,0.3945111625505507,0.38566088676452637,True,,,False
4901,1.4677734375,1.4755859375,1.4716796875,-7.8125,True,0.1577925232376226,0.7331233024597168,True,,,False
4902,1.5205078125,1.498046875,1.50927734375,22.4609375,True,0.4536481329970966,0.3891899585723877,True,,,False
4903,1.552734375,1.5400390625,1.54638671875,12.6953125,True,0.25642097401282254,0.3843257427215576,True,,,False
4904,1.6484375,1.662109375,1.6552734375,-13.671875,True,0.2761308440469646,0.3825702667236328,True,,,False
4905,1.56640625,1.5478515625,1.55712890625,18.5546875,True,0.3747785264365393,0.3886721134185791,True,,,False
4906,1.4697265625,1.4775390625,1.4736328125,-7.8125,True,0.15778681655001622,0.38761234283447266,True,,,False
4907,1.5634765625,1.5966796875,1.580078125,-33.203125,True,0.6705994246434317,0.3860001564025879,True,,,False
4908,1.5751953125,1.5849609375,1.580078125,-9.765625,True,0.19723802054357442,0.39118266105651855,True,,,False
4909,1.501953125,1.53125,1.5166015625,-29.296875,True,0.5916952065287514,0.38262486457824707,True,,,False
4910,1.5732421875,1.5986328125,1.5859375,-25.390625,True,0.5128506479327867,0.38351917266845703,True,,,False
4911,1.6044921875,1.591796875,1.59814453125,12.6953125,True,0.2564178923550423,0.3900015354156494,True,,,False
4912,1.59375,1.5771484375,1.58544921875,16.6015625,True,0.3353026197036768,0.3884575366973877,True,,,False
4913,1.484375,1.5068359375,1.49560546875,-22.4609375,True,0.4536573575656055,0.3850412368774414,True,,,False
4914,1.5078125,1.5498046875,1.52880859375,-41.9921875,True,0.8481739118135245,0.48984241485595703,True,,,False
4915,1.541015625,1.4794921875,1.51025390625,61.5234375,True,1.2426073266949247,0.3944680690765381,True,,,False
4916,1.5693359375,1.591796875,1.58056640625,-22.4609375,True,0.45363578145237654,0.3835899829864502,True,,,False
4917,1.5029296875,1.4892578125,1.49609375,13.671875,True,0.2761518018807653,0.38196730613708496,True,,,False
4918,1.55859375,1.58984375,1.57421875,-31.25,True,0.6311885152154767,0.3983011245727539,True,,,False
4919,1.5126953125,1.509765625,1.51123046875,2.9296875,True,0.05916932488566796,0.3837311267852783,True,,,False
4920,1.576171875,1.5615234375,1.56884765625,14.6484375,True,0.2958410956255013,0.3926253318786621,True,,,False
4921,1.580078125,1.58984375,1.5849609375,-9.765625,True,0.19723145374831721,0.38948512077331543,True,,,False
4922,1.552734375,1.556640625,1.5546875,-3.90625,True,0.07889470038546491,0.3853731155395508,True,,,False
4923,1.609375,1.5849609375,1.59716796875,24.4140625,True,0.4931083214480895,0.39041805267333984,True,,,False
4924,1.4833984375,1.4794921875,1.4814453125,3.90625,True,0.07889379310147288,0.38473033905029297,True,,,False
4925,1.6162109375,1.5849609375,1.6005859375,31.25,True,0.6311722094074701,0.39652109146118164,True,,,False
4926,1.55078125,1.55078125,1.55078125,0.0,True,0.0,0.38291335105895996,True,,,False
4927,1.5634765625,1.5419921875,1.552734375,21.484375,True,0.43392402397072977,0.3889951705932617,True,,,False
4928,1.6162109375,1.6103515625,1.61328125,5.859375,True,0.11834109777264316,0.3988766670227051,True,,,False
4929,1.4912109375,1.5556640625,1.5234375,-64.453125,True,1.3017618592392066,0.3862800598144531,True,,,False
4930,1.6015625,1.5693359375,1.58544921875,32.2265625,True,0.6509156989637465,0.38554835319519043,True,,,False
4931,1.5400390625,1.5400390625,1.5400390625,0.0,True,0.0,0.3865635395050049,True,,,False
4932,1.5712890625,1.5908203125,1.5810546875,-19.53125,True,0.39446597327133986,0.3903977870941162,True,,,False
4933,1.5283203125,1.5400390625,1.5341796875,-11.71875,True,0.2367025978418078,0.3825685977935791,True,,,False
4934,1.48046875,1.509765625,1.4951171875,-29.296875,True,0.5917147735182207,0.3845386505126953,True,,,False
4935,1.55078125,1.5439453125,1.54736328125,6.8359375,True,0.13806442351940834,0.3867213726043701,True,,,False
4936,1.404296875,1.453125,1.4287109375,-48.828125,True,0.9861926837036488,0.38451051712036133,True,,,False
4937,1.4833984375,1.498046875,1.49072265625,-14.6484375,True,0.2958465789689428,0.38333749771118164,True,,,False
4938,1.6064453125,1.576171875,1.59130859375,30.2734375,True,0.611421334096135,0.3891146183013916,True,,,False
4939,1.587890625,1.525390625,1.556640625,62.5,True,1.2623774459936525,0.3860030174255371,True,,,False
4940,1.5087890625,1.5068359375,1.5078125,1.953125,True,0.039448358780252,0.3839285373687744,True,,,False
4941,1.5146484375,1.5009765625,1.5078125,13.671875,True,0.2761471178156312,0.3825070858001709,True,,,False
4942,1.595703125,1.6005859375,1.59814453125,-4.8828125,True,0.0986182376713838,0.3928978443145752,True,,,False
4943,1.6083984375,1.6240234375,1.6162109375,-15.625,True,0.3155770683637145,0.38472604751586914,True,,,False
4944,1.568359375,1.5791015625,1.57373046875,-10.7421875,True,0.21696181451591426,0.38423943519592285,True,,,False
4945,1.5849609375,1.59765625,1.59130859375,-12.6953125,True,0.256433850683233,0.3894376754760742,True,,,False
4946,1.541015625,1.556640625,1.548828125,-15.625,True,0.3155887399358286,0.3894064426422119,True,,,False
4947,1.53515625,1.53515625,1.53515625,0.0,True,0.0,0.3829324245452881,True,,,False
4948,1.5576171875,1.5634765625,1.560546875,-5.859375,True,0.11834596702789123,0.38517022132873535,True,,,False
4949,1.5888671875,1.595703125,1.59228515625,-6.8359375,True,0.1380625285758489,0.3957667350769043,True,,,False
4950,1.5751953125,1.5625,1.56884765625,12.6953125,True,0.2564039296482733,0.3896498680114746,True,,,False
4951,1.60546875,1.646484375,1.6259765625,-41.015625,True,0.8284065122817923,0.3850252628326416,True,,,False
4952,1.5830078125,1.583984375,1.58349609375,-0.9765625,True,0.019722393103301337,0.3927426338195801,True,,,False
4953,1.5859375,1.599609375,1.5927734375,-13.671875,True,0.2761325615486873,0.3843977451324463,True,,,False
4954,1.5537109375,1.564453125,1.55908203125,-10.7421875,True,0.21696643533500332,0.38444066047668457,True,,,False
4955,1.5810546875,1.5546875,1.56787109375,26.3671875,True,0.5325521953590605,0.39528727531433105,True,,,False
4956,1.6533203125,1.6220703125,1.6376953125,31.25,True,0.6311872702524582,0.38474297523498535,True,,,False
4957,1.4921875,1.509765625,1.5009765625,-17.578125,True,0.3550392206754026,0.3843073844909668,True,,,False
4958,1.576171875,1.56640625,1.5712890625,9.765625,True,0.1972511078019328,0.3833737373352051,True,,,False
4959,1.484375,1.533203125,1.5087890625,-48.828125,True,0.9861629943470609,0.3961482048034668,True,,,False
4960,1.45703125,1.4560546875,1.45654296875,0.9765625,True,0.01972402410538765,0.3841593265533447,True,,,False
4961,1.494140625,1.4306640625,1.46240234375,63.4765625,True,1.2820480635559628,0.3665335178375244,True,,,False
4962,1.52734375,1.541015625,1.5341796875,-13.671875,True,0.27613982855169644,0.39049696922302246,True,,,False
4963,1.51171875,1.5166015625,1.51416015625,-4.8828125,True,0.09862429989414023,0.3865032196044922,True,,,False
4964,1.5478515625,1.587890625,1.56787109375,-40.0390625,True,0.808706296541504,0.38434910774230957,True,,,False
4965,1.541015625,1.5419921875,1.54150390625,-0.9765625,True,0.019723896122020444,0.3840467929840088,True,,,False
4966,1.56640625,1.56640625,1.56640625,0.0,True,0.0,0.39076924324035645,True,,,False
4967,1.533203125,1.4814453125,1.50732421875,51.7578125,True,1.0453814535970303,0.3836066722869873,True,,,False
4968,1.5771484375,1.5947265625,1.5859375,-17.578125,True,0.3550353456329529,0.3852963447570801,True,,,False
4969,1.5703125,1.546875,1.55859375,23.4375,True,0.47338508395688605,0.39211106300354004,True,,,False
4970,1.5458984375,1.53125,1.53857421875,14.6484375,True,0.295848964256299,0.3837273120880127,True,,,False
4971,1.57421875,1.53125,1.552734375,42.96875,True,0.8679114733772055,0.38407349586486816,True,,,False
4972,1.6201171875,1.583984375,1.60205078125,36.1328125,True,0.7297853987270627,0.3840904235839844,True,,,False
4973,1.54296875,1.5703125,1.556640625,-27.34375,True,0.5522856835526485,0.39260077476501465,True,,,False
4974,1.5693359375,1.5478515625,1.55859375,21.484375,True,0.43394815751472804,0.3894169330596924,True,,,False
4975,1.5556640625,1.58203125,1.56884765625,-26.3671875,True,0.53250788504195,0.38138699531555176,True,,,False
4976,1.5322265625,1.5302734375,1.53125,1.953125,True,0.03944759342745954,0.39076662063598633,True,,,False
4977,1.501953125,1.5263671875,1.51416015625,-24.4140625,True,0.49310920765323735,0.38436198234558105,True,,,False
4978,1.486328125,1.478515625,1.482421875,7.8125,True,0.1577985963546258,0.38480162620544434,True,,,False
4979,1.5712890625,1.56640625,1.56884765625,4.8828125,True,0.09861591343049902,0.3922295570373535,True,,,False
4980,1.5751953125,1.5673828125,1.5712890625,7.8125,True,0.15779351348897178,0.3856675624847412,True,,,False
4981,1.5400390625,1.533203125,1.53662109375,6.8359375,True,0.13807196909724878,0.38431501388549805,True,,,False
4982,1.541015625,1.537109375,1.5390625,3.90625,True,0.07889668059842618,0.3855764865875244,True,,,False
4983,1.6259765625,1.619140625,1.62255859375,6.8359375,True,0.1380619006518865,0.389986515045166,True,,,False
4984,1.6142578125,1.619140625,1.61669921875,-4.8828125,True,0.09862581791470432,0.38141298294067383,True,,,False
4985,1.57421875,1.6044921875,1.58935546875,-30.2734375,True,0.6114672811284876,0.3848855495452881,True,,,False
4986,1.552734375,1.57421875,1.5634765625,-21.484375,True,0.4339351946691389,0.39036059379577637,True,,,False
4987,1.556640625,1.57421875,1.5654296875,-17.578125,True,0.35502019347032,0.38461780548095703,True,,,False
4988,1.53515625,1.525390625,1.5302734375,9.765625,True,0.19723719015751176,0.38814473152160645,True,,,False
4989,1.5673828125,1.5791015625,1.5732421875,-11.71875,True,0.2366902512842389,0.3932607173919678,True,,,False
4990,1.54296875,1.5556640625,1.54931640625,-12.6953125,True,0.2564253896813149,0.3868222236633301,True,,,False
4991,1.62109375,1.6123046875,1.61669921875,8.7890625,True,0.1775091786697618,0.38594508171081543,True,,,False
4992,1.5673828125,1.599609375,1.58349609375,-32.2265625,True,0.6508835677002216,0.3860809803009033,True,,,False
4993,1.572265625,1.556640625,1.564453125,15.625,True,0.31557710828445584,0.3963015079498291,True,,,False
4994,1.55859375,1.64453125,1.6015625,-85.9375,True,1.7356948065357813,0.3870396614074707,True,,,False
4995,1.546875,1.5673828125,1.55712890625,-20.5078125,True,0.4142153758761289,0.3862144947052002,True,,,False
4996,1.5849609375,1.5400390625,1.5625,44.921875,True,0.9073403400574263,0.38747286796569824,True,,,False
4997,1.5205078125,1.5595703125,1.5400390625,-39.0625,True,0.7889783252890443,0.3899497985839844,True,,,False
4998,1.5927734375,1.5869140625,1.58984375,5.859375,True,0.11834448498362367,0.38619065284729004,True,,,False
4999,1.5986328125,1.638671875,1.61865234375,-40.0390625,True,0.8086459434115771,0.39299702644348145,True,,,False
5000,1.583984375,1.5712890625,1.57763671875,12.6953125,True,0.2564231543867377,5.084017038345337,True,1.5432203234777517,0.3864168618266979,False
